== Individual Errors

|==== PREDICTIONS (N=1279.0) =====>
|    1 [ 0 0 0 0 ] [ 0.000 0.000 0.000 0.000 ]
|    2 [ 1 0 0 0 ] [ 7.000 0.000 0.000 0.000 ]
|    3 [ 1 0 0 0 ] [ 7.000 0.000 0.000 0.000 ]
|    4 [ 1 0 0 0 ] [ 7.000 0.000 0.000 0.000 ]
|    5 [ 1 0 0 0 ] [ 7.000 0.000 0.000 0.000 ]
|    6 [ 1 0 0 1 ] [ 7.000 0.000 0.000 4.000 ]
|    7 [ 1 0 0 1 ] [ 7.000 0.000 0.000 2.000 ]
|    8 [ 1 0 0 1 ] [ 7.000 0.000 0.000 4.000 ]
|    9 [ 1 0 0 0 ] [ 7.000 0.000 0.000 0.000 ]
|   10 [ 1 0 0 0 ] [ 7.000 0.000 0.000 0.000 ]
|   11 [ 1 0 0 1 ] [ 7.000 0.000 0.000 4.000 ]
|   12 [ 1 0 0 0 ] [ 7.000 0.000 0.000 0.000 ]
|   13 [ 1 0 0 1 ] [ 7.000 0.000 0.000 4.000 ]
|   14 [ 1 0 0 1 ] [ 7.000 0.000 0.000 4.000 ]
|   15 [ 0 0 1 0 ] [ 0.000 0.000 4.000 0.000 ]
|   16 [ 0 0 1 0 ] [ 0.000 0.000 4.000 0.000 ]
|   17 [ 0 0 0 0 ] [ 0.000 0.000 0.000 0.000 ]
|   18 [ 1 1 0 0 ] [ 7.000 5.000 0.000 0.000 ]
|   19 [ 1 0 0 0 ] [ 7.000 0.000 0.000 0.000 ]
|   20 [ 1 0 0 0 ] [ 7.000 0.000 0.000 0.000 ]
|   21 [ 1 0 0 0 ] [ 7.000 0.000 0.000 0.000 ]
|   22 [ 1 0 0 0 ] [ 7.000 0.000 0.000 0.000 ]
|   23 [ 1 0 0 0 ] [ 7.000 0.000 0.000 0.000 ]
|   24 [ 1 0 0 0 ] [ 7.000 0.000 0.000 0.000 ]
|   25 [ 1 0 0 0 ] [ 7.000 0.000 0.000 0.000 ]
|   26 [ 1 0 0 0 ] [ 7.000 0.000 0.000 0.000 ]
|   27 [ 1 0 0 0 ] [ 7.000 0.000 0.000 0.000 ]
|   28 [ 0 0 0 1 ] [ 0.000 0.000 0.000 4.000 ]
|   29 [ 1 0 0 0 ] [ 7.000 0.000 0.000 0.000 ]
|   30 [ 1 0 0 0 ] [ 7.000 0.000 0.000 0.000 ]
|   31 [ 1 0 0 0 ] [ 7.000 0.000 0.000 0.000 ]
|   32 [ 1 0 0 0 ] [ 7.000 0.000 0.000 0.000 ]
|   33 [ 1 0 0 0 ] [ 7.000 0.000 0.000 0.000 ]
|   34 [ 1 0 0 1 ] [ 7.000 0.000 0.000 4.000 ]
|   35 [ 1 0 0 1 ] [ 7.000 0.000 0.000 4.000 ]
|   36 [ 1 0 0 0 ] [ 7.000 0.000 0.000 0.000 ]
|   37 [ 1 1 1 0 ] [ 7.000 5.000 1.000 0.000 ]
|   38 [ 1 1 1 0 ] [ 5.000 5.000 3.000 0.000 ]
|   39 [ 1 0 0 1 ] [ 7.000 0.000 0.000 4.000 ]
|   40 [ 1 0 0 1 ] [ 7.000 0.000 0.000 4.000 ]
|   41 [ 0 0 0 1 ] [ 0.000 0.000 0.000 4.000 ]
|   42 [ 1 0 0 0 ] [ 7.000 0.000 0.000 0.000 ]
|   43 [ 1 0 0 1 ] [ 7.000 0.000 0.000 4.000 ]
|   44 [ 1 0 0 1 ] [ 7.000 0.000 0.000 4.000 ]
|   45 [ 1 0 0 1 ] [ 7.000 0.000 0.000 4.000 ]
|   46 [ 1 0 0 0 ] [ 7.000 0.000 0.000 0.000 ]
|   47 [ 1 0 0 0 ] [ 7.000 0.000 0.000 0.000 ]
|   48 [ 1 0 0 0 ] [ 7.000 0.000 0.000 0.000 ]
|   49 [ 1 0 0 0 ] [ 7.000 0.000 0.000 0.000 ]
|   50 [ 1 0 0 0 ] [ 7.000 0.000 0.000 0.000 ]
|   51 [ 1 0 0 0 ] [ 7.000 0.000 0.000 0.000 ]
|   52 [ 0 0 1 0 ] [ 0.000 0.000 4.000 0.000 ]
|   53 [ 1 0 0 0 ] [ 7.000 0.000 0.000 0.000 ]
|   54 [ 1 1 1 0 ] [ 5.000 5.000 3.000 0.000 ]
|   55 [ 1 0 0 0 ] [ 7.000 0.000 0.000 0.000 ]
|   56 [ 1 0 0 0 ] [ 7.000 0.000 0.000 0.000 ]
|   57 [ 0 0 0 0 ] [ 0.000 0.000 0.000 0.000 ]
|   58 [ 1 0 0 1 ] [ 7.000 0.000 0.000 4.000 ]
|   59 [ 1 0 0 1 ] [ 7.000 0.000 0.000 4.000 ]
|   60 [ 0 0 0 0 ] [ 0.000 0.000 0.000 0.000 ]
|   61 [ 1 0 0 0 ] [ 7.000 0.000 0.000 0.000 ]
|   62 [ 0 0 0 1 ] [ 0.000 0.000 0.000 4.000 ]
|   63 [ 1 0 0 0 ] [ 7.000 0.000 0.000 0.000 ]
|   64 [ 0 0 0 1 ] [ 0.000 0.000 0.000 4.000 ]
|   65 [ 1 0 0 0 ] [ 7.000 0.000 0.000 0.000 ]
|   66 [ 0 0 0 1 ] [ 0.000 0.000 0.000 4.000 ]
|   67 [ 1 0 0 0 ] [ 7.000 0.000 0.000 0.000 ]
|   68 [ 0 0 0 1 ] [ 2.000 0.000 0.000 2.000 ]
|   69 [ 0 0 0 0 ] [ 0.000 0.000 0.000 0.000 ]
|   70 [ 1 0 0 0 ] [ 7.000 0.000 0.000 0.000 ]
|   71 [ 1 0 0 0 ] [ 7.000 0.000 0.000 0.000 ]
|   72 [ 0 0 0 0 ] [ 0.000 0.000 0.000 0.000 ]
|   73 [ 1 0 0 1 ] [ 7.000 0.000 0.000 4.000 ]
|   74 [ 1 0 0 1 ] [ 7.000 0.000 0.000 4.000 ]
|   75 [ 1 0 0 1 ] [ 7.000 0.000 0.000 4.000 ]
|   76 [ 0 0 0 1 ] [ 3.000 0.000 0.000 4.000 ]
|   77 [ 1 0 0 0 ] [ 7.000 0.000 0.000 0.000 ]
|   78 [ 0 0 0 1 ] [ 0.000 0.000 0.000 4.000 ]
|   79 [ 0 0 0 1 ] [ 0.000 0.000 0.000 4.000 ]
|   80 [ 1 1 0 0 ] [ 7.000 5.000 0.000 0.000 ]
|   81 [ 0 0 1 0 ] [ 0.000 0.000 4.000 0.000 ]
|   82 [ 0 0 1 0 ] [ 0.000 0.000 4.000 0.000 ]
|   83 [ 1 0 0 0 ] [ 7.000 0.000 0.000 0.000 ]
|   84 [ 1 0 0 0 ] [ 7.000 0.000 0.000 0.000 ]
|   85 [ 1 0 0 0 ] [ 7.000 0.000 0.000 0.000 ]
|   86 [ 1 0 0 0 ] [ 7.000 0.000 0.000 0.000 ]
|   87 [ 1 0 0 1 ] [ 7.000 0.000 0.000 2.000 ]
|   88 [ 1 0 0 0 ] [ 7.000 0.000 0.000 0.000 ]
|   89 [ 1 0 0 0 ] [ 7.000 0.000 0.000 0.000 ]
|   90 [ 1 0 0 0 ] [ 7.000 0.000 0.000 0.000 ]
|   91 [ 0 0 0 0 ] [ 0.000 0.000 0.000 0.000 ]
|   92 [ 1 0 0 0 ] [ 7.000 0.000 0.000 0.000 ]
|   93 [ 1 0 0 0 ] [ 7.000 0.000 0.000 0.000 ]
|   94 [ 1 0 0 1 ] [ 7.000 0.000 0.000 4.000 ]
|   95 [ 1 0 0 0 ] [ 7.000 0.000 0.000 0.000 ]
|   96 [ 1 0 0 0 ] [ 7.000 0.000 0.000 0.000 ]
|   97 [ 1 0 0 0 ] [ 7.000 0.000 0.000 0.000 ]
|   98 [ 0 0 0 1 ] [ 0.000 0.000 0.000 4.000 ]
|   99 [ 1 0 0 0 ] [ 7.000 0.000 0.000 0.000 ]
|  100 [ 1 0 0 1 ] [ 7.000 0.000 0.000 4.000 ]
|  101 [ 0 0 0 0 ] [ 0.000 0.000 0.000 0.000 ]
|  102 [ 0 0 0 1 ] [ 0.000 0.000 0.000 4.000 ]
|  103 [ 1 0 0 0 ] [ 7.000 0.000 0.000 0.000 ]
|  104 [ 0 0 0 0 ] [ 0.000 0.000 0.000 0.000 ]
|  105 [ 0 0 0 1 ] [ 0.000 0.000 0.000 4.000 ]
|  106 [ 1 0 0 0 ] [ 7.000 0.000 0.000 0.000 ]
|  107 [ 1 0 0 0 ] [ 7.000 0.000 0.000 0.000 ]
|  108 [ 0 0 0 0 ] [ 0.000 0.000 0.000 0.000 ]
|  109 [ 0 0 0 1 ] [ 0.000 0.000 0.000 4.000 ]
|  110 [ 1 0 0 1 ] [ 7.000 0.000 0.000 4.000 ]
|  111 [ 0 0 0 0 ] [ 0.000 0.000 0.000 0.000 ]
|  112 [ 1 0 0 0 ] [ 7.000 0.000 0.000 0.000 ]
|  113 [ 1 0 0 0 ] [ 7.000 0.000 0.000 0.000 ]
|  114 [ 1 0 0 0 ] [ 7.000 0.000 0.000 0.000 ]
|  115 [ 1 0 0 0 ] [ 7.000 0.000 0.000 0.000 ]
|  116 [ 1 0 0 0 ] [ 7.000 0.000 0.000 0.000 ]
|  117 [ 1 0 0 0 ] [ 7.000 0.000 0.000 0.000 ]
|  118 [ 0 0 0 0 ] [ 0.000 0.000 0.000 0.000 ]
|  119 [ 0 0 0 1 ] [ 0.000 0.000 0.000 4.000 ]
|  120 [ 1 0 0 0 ] [ 7.000 0.000 0.000 0.000 ]
|  121 [ 0 0 0 0 ] [ 0.000 0.000 0.000 0.000 ]
|  122 [ 1 0 0 0 ] [ 4.000 0.000 0.000 0.000 ]
|  123 [ 0 0 0 1 ] [ 0.000 0.000 0.000 4.000 ]
|  124 [ 1 0 0 0 ] [ 7.000 0.000 0.000 0.000 ]
|  125 [ 0 0 0 0 ] [ 0.000 0.000 0.000 0.000 ]
|  126 [ 1 0 0 0 ] [ 7.000 0.000 0.000 0.000 ]
|  127 [ 1 0 0 0 ] [ 7.000 0.000 0.000 0.000 ]
|  128 [ 1 0 0 0 ] [ 7.000 0.000 0.000 0.000 ]
|  129 [ 1 0 0 0 ] [ 7.000 0.000 0.000 0.000 ]
|  130 [ 0 0 0 0 ] [ 0.000 0.000 0.000 0.000 ]
|  131 [ 1 0 0 1 ] [ 7.000 0.000 0.000 4.000 ]
|  132 [ 1 0 0 1 ] [ 7.000 0.000 0.000 4.000 ]
|  133 [ 0 0 0 0 ] [ 0.000 0.000 0.000 0.000 ]
|  134 [ 1 0 0 1 ] [ 3.000 0.000 0.000 4.000 ]
|  135 [ 1 0 0 1 ] [ 7.000 0.000 0.000 4.000 ]
|  136 [ 1 0 0 0 ] [ 7.000 0.000 0.000 0.000 ]
|  137 [ 1 0 0 1 ] [ 7.000 0.000 0.000 2.000 ]
|  138 [ 1 0 0 0 ] [ 7.000 0.000 0.000 0.000 ]
|  139 [ 0 0 0 0 ] [ 0.000 0.000 0.000 0.000 ]
|  140 [ 0 0 0 0 ] [ 0.000 0.000 0.000 0.000 ]
|  141 [ 1 0 0 1 ] [ 7.000 0.000 0.000 4.000 ]
|  142 [ 1 0 0 1 ] [ 7.000 0.000 0.000 4.000 ]
|  143 [ 0 0 0 1 ] [ 2.000 0.000 0.000 4.000 ]
|  144 [ 1 0 0 1 ] [ 7.000 0.000 0.000 2.000 ]
|  145 [ 1 0 0 0 ] [ 7.000 0.000 0.000 0.000 ]
|  146 [ 1 0 0 0 ] [ 7.000 0.000 0.000 0.000 ]
|  147 [ 1 0 0 1 ] [ 7.000 0.000 0.000 4.000 ]
|  148 [ 1 0 0 1 ] [ 7.000 0.000 0.000 4.000 ]
|  149 [ 0 0 0 1 ] [ 0.000 0.000 0.000 4.000 ]
|  150 [ 0 0 0 0 ] [ 0.000 0.000 0.000 0.000 ]
|  151 [ 1 0 0 0 ] [ 7.000 0.000 0.000 0.000 ]
|  152 [ 1 0 0 0 ] [ 7.000 0.000 0.000 0.000 ]
|  153 [ 1 0 0 0 ] [ 7.000 0.000 0.000 0.000 ]
|  154 [ 1 0 0 0 ] [ 7.000 0.000 0.000 0.000 ]
|  155 [ 0 0 0 0 ] [ 0.000 0.000 0.000 0.000 ]
|  156 [ 1 0 0 0 ] [ 7.000 0.000 0.000 0.000 ]
|  157 [ 1 0 0 0 ] [ 7.000 0.000 0.000 0.000 ]
|  158 [ 0 0 0 0 ] [ 0.000 0.000 0.000 0.000 ]
|  159 [ 1 0 0 0 ] [ 7.000 0.000 0.000 0.000 ]
|  160 [ 0 0 0 1 ] [ 0.000 0.000 0.000 4.000 ]
|  161 [ 0 0 0 1 ] [ 0.000 0.000 0.000 4.000 ]
|  162 [ 1 0 0 0 ] [ 7.000 0.000 0.000 0.000 ]
|  163 [ 0 0 0 0 ] [ 0.000 0.000 0.000 0.000 ]
|  164 [ 1 0 0 0 ] [ 7.000 0.000 0.000 0.000 ]
|  165 [ 0 0 0 0 ] [ 0.000 0.000 0.000 0.000 ]
|  166 [ 0 0 0 1 ] [ 0.000 0.000 0.000 4.000 ]
|  167 [ 1 0 0 0 ] [ 7.000 0.000 0.000 0.000 ]
|  168 [ 0 0 0 0 ] [ 0.000 0.000 0.000 0.000 ]
|  169 [ 1 0 0 1 ] [ 7.000 0.000 0.000 4.000 ]
|  170 [ 0 0 0 1 ] [ 0.000 0.000 0.000 4.000 ]
|  171 [ 1 0 0 0 ] [ 7.000 0.000 0.000 0.000 ]
|  172 [ 0 0 0 0 ] [ 0.000 0.000 0.000 0.000 ]
|  173 [ 1 0 0 0 ] [ 7.000 0.000 0.000 0.000 ]
|  174 [ 1 0 0 0 ] [ 7.000 0.000 0.000 0.000 ]
|  175 [ 1 0 0 0 ] [ 7.000 0.000 0.000 0.000 ]
|  176 [ 1 0 0 0 ] [ 7.000 0.000 0.000 1.000 ]
|  177 [ 1 0 0 0 ] [ 7.000 0.000 0.000 0.000 ]
|  178 [ 0 0 0 0 ] [ 0.000 0.000 0.000 0.000 ]
|  179 [ 1 0 0 0 ] [ 7.000 0.000 0.000 0.000 ]
|  180 [ 1 0 0 0 ] [ 7.000 0.000 0.000 0.000 ]
|  181 [ 1 0 0 0 ] [ 7.000 0.000 0.000 0.000 ]
|  182 [ 0 0 0 1 ] [ 0.000 0.000 0.000 4.000 ]
|  183 [ 1 0 0 0 ] [ 7.000 0.000 0.000 0.000 ]
|  184 [ 1 0 0 0 ] [ 7.000 0.000 0.000 0.000 ]
|  185 [ 1 0 0 0 ] [ 7.000 0.000 0.000 0.000 ]
|  186 [ 1 0 0 0 ] [ 7.000 0.000 0.000 0.000 ]
|  187 [ 1 0 0 0 ] [ 7.000 0.000 0.000 0.000 ]
|  188 [ 1 0 0 0 ] [ 7.000 0.000 0.000 0.000 ]
|  189 [ 1 0 0 0 ] [ 7.000 0.000 0.000 0.000 ]
|  190 [ 0 0 0 1 ] [ 0.000 0.000 0.000 4.000 ]
|  191 [ 1 0 0 0 ] [ 7.000 0.000 0.000 0.000 ]
|  192 [ 1 0 0 1 ] [ 7.000 0.000 0.000 4.000 ]
|  193 [ 1 0 0 1 ] [ 7.000 0.000 0.000 4.000 ]
|  194 [ 1 0 0 1 ] [ 7.000 0.000 0.000 4.000 ]
|  195 [ 1 0 0 1 ] [ 7.000 0.000 0.000 4.000 ]
|  196 [ 1 0 0 1 ] [ 7.000 0.000 0.000 4.000 ]
|  197 [ 0 0 0 0 ] [ 0.000 0.000 0.000 0.000 ]
|  198 [ 1 0 0 0 ] [ 7.000 0.000 0.000 0.000 ]
|  199 [ 1 0 0 0 ] [ 7.000 0.000 0.000 0.000 ]
|  200 [ 1 0 0 0 ] [ 7.000 0.000 0.000 0.000 ]
|  201 [ 1 0 0 0 ] [ 7.000 0.000 0.000 0.000 ]
|  202 [ 0 0 0 0 ] [ 0.000 0.000 0.000 0.000 ]
|  203 [ 0 0 0 0 ] [ 0.000 0.000 0.000 0.000 ]
|  204 [ 0 0 0 0 ] [ 0.000 0.000 0.000 0.000 ]
|  205 [ 0 0 0 1 ] [ 0.000 0.000 0.000 4.000 ]
|  206 [ 1 0 0 0 ] [ 7.000 0.000 0.000 0.000 ]
|  207 [ 0 0 0 0 ] [ 0.000 0.000 0.000 0.000 ]
|  208 [ 0 0 0 0 ] [ 0.000 0.000 0.000 0.000 ]
|  209 [ 1 0 0 0 ] [ 7.000 0.000 0.000 0.000 ]
|  210 [ 1 0 0 0 ] [ 7.000 0.000 0.000 0.000 ]
|  211 [ 1 0 0 0 ] [ 7.000 0.000 0.000 0.000 ]
|  212 [ 1 0 0 0 ] [ 7.000 0.000 0.000 0.000 ]
|  213 [ 1 0 0 0 ] [ 7.000 0.000 0.000 0.000 ]
|  214 [ 1 0 0 0 ] [ 7.000 0.000 0.000 0.000 ]
|  215 [ 1 0 0 0 ] [ 7.000 0.000 0.000 0.000 ]
|  216 [ 1 0 0 1 ] [ 7.000 0.000 0.000 4.000 ]
|  217 [ 1 0 0 1 ] [ 7.000 0.000 0.000 4.000 ]
|  218 [ 1 0 0 1 ] [ 7.000 0.000 0.000 4.000 ]
|  219 [ 1 0 0 1 ] [ 7.000 0.000 0.000 4.000 ]
|  220 [ 1 0 0 1 ] [ 0.000 0.000 0.000 4.000 ]
|  221 [ 1 0 0 0 ] [ 7.000 0.000 0.000 0.000 ]
|  222 [ 1 0 0 0 ] [ 7.000 0.000 0.000 0.000 ]
|  223 [ 0 0 0 1 ] [ 0.000 0.000 0.000 4.000 ]
|  224 [ 0 0 0 0 ] [ 0.000 0.000 0.000 0.000 ]
|  225 [ 1 0 0 0 ] [ 7.000 0.000 0.000 0.000 ]
|  226 [ 1 0 0 0 ] [ 7.000 0.000 0.000 0.000 ]
|  227 [ 1 0 0 0 ] [ 7.000 0.000 0.000 0.000 ]
|  228 [ 0 0 0 1 ] [ 0.000 0.000 0.000 4.000 ]
|  229 [ 1 0 0 0 ] [ 7.000 0.000 0.000 0.000 ]
|  230 [ 0 0 0 1 ] [ 0.000 0.000 0.000 4.000 ]
|  231 [ 1 0 0 0 ] [ 7.000 0.000 0.000 0.000 ]
|  232 [ 1 0 0 1 ] [ 7.000 0.000 0.000 4.000 ]
|  233 [ 1 0 0 1 ] [ 7.000 0.000 0.000 4.000 ]
|  234 [ 0 0 0 0 ] [ 0.000 0.000 0.000 0.000 ]
|  235 [ 1 0 0 0 ] [ 7.000 0.000 0.000 0.000 ]
|  236 [ 1 0 0 0 ] [ 7.000 0.000 0.000 0.000 ]
|  237 [ 0 0 0 0 ] [ 0.000 0.000 0.000 0.000 ]
|  238 [ 0 0 0 1 ] [ 0.000 0.000 0.000 4.000 ]
|  239 [ 0 0 0 1 ] [ 0.000 0.000 0.000 4.000 ]
|  240 [ 0 0 0 0 ] [ 0.000 0.000 0.000 0.000 ]
|  241 [ 1 0 0 0 ] [ 7.000 0.000 0.000 0.000 ]
|  242 [ 1 0 0 1 ] [ 7.000 0.000 0.000 2.000 ]
|  243 [ 0 0 0 1 ] [ 0.000 0.000 0.000 4.000 ]
|  244 [ 1 0 0 0 ] [ 7.000 0.000 0.000 0.000 ]
|  245 [ 1 0 0 0 ] [ 7.000 0.000 0.000 0.000 ]
|  246 [ 1 0 0 0 ] [ 7.000 0.000 0.000 0.000 ]
|  247 [ 0 0 0 0 ] [ 2.000 0.000 0.000 0.000 ]
|  248 [ 1 0 0 0 ] [ 4.000 0.000 0.000 0.000 ]
|  249 [ 1 0 0 0 ] [ 7.000 0.000 0.000 0.000 ]
|  250 [ 0 0 0 1 ] [ 0.000 0.000 0.000 4.000 ]
|  251 [ 0 0 0 0 ] [ 0.000 0.000 0.000 0.000 ]
|  252 [ 0 0 0 0 ] [ 0.000 0.000 0.000 0.000 ]
|  253 [ 1 0 0 0 ] [ 7.000 0.000 0.000 0.000 ]
|  254 [ 1 0 0 0 ] [ 7.000 0.000 0.000 0.000 ]
|  255 [ 1 0 0 0 ] [ 7.000 0.000 0.000 0.000 ]
|  256 [ 1 0 0 0 ] [ 7.000 0.000 0.000 0.000 ]
|  257 [ 0 0 0 0 ] [ 0.000 0.000 0.000 0.000 ]
|  258 [ 1 0 0 0 ] [ 7.000 0.000 0.000 0.000 ]
|  259 [ 1 0 0 1 ] [ 7.000 0.000 0.000 4.000 ]
|  260 [ 1 0 0 1 ] [ 7.000 0.000 0.000 4.000 ]
|  261 [ 1 0 0 0 ] [ 7.000 0.000 0.000 0.000 ]
|  262 [ 0 0 0 0 ] [ 0.000 0.000 0.000 0.000 ]
|  263 [ 0 0 0 0 ] [ 0.000 0.000 0.000 0.000 ]
|  264 [ 0 0 0 0 ] [ 0.000 0.000 0.000 0.000 ]
|  265 [ 1 0 0 0 ] [ 7.000 0.000 0.000 0.000 ]
|  266 [ 0 0 0 0 ] [ 0.000 0.000 0.000 0.000 ]
|  267 [ 1 0 0 0 ] [ 7.000 0.000 0.000 0.000 ]
|  268 [ 1 0 0 0 ] [ 7.000 0.000 0.000 0.000 ]
|  269 [ 0 0 0 0 ] [ 0.000 0.000 0.000 0.000 ]
|  270 [ 0 0 0 0 ] [ 0.000 0.000 0.000 0.000 ]
|  271 [ 1 0 0 0 ] [ 7.000 0.000 0.000 0.000 ]
|  272 [ 1 0 0 0 ] [ 7.000 0.000 0.000 0.000 ]
|  273 [ 1 0 0 1 ] [ 5.000 0.000 0.000 4.000 ]
|  274 [ 0 0 0 0 ] [ 0.000 0.000 0.000 0.000 ]
|  275 [ 1 0 0 0 ] [ 7.000 0.000 0.000 0.000 ]
|  276 [ 1 0 0 0 ] [ 7.000 0.000 0.000 0.000 ]
|  277 [ 0 0 0 0 ] [ 0.000 0.000 0.000 0.000 ]
|  278 [ 1 0 0 0 ] [ 7.000 0.000 0.000 0.000 ]
|  279 [ 0 0 0 0 ] [ 0.000 0.000 0.000 0.000 ]
|  280 [ 1 0 0 0 ] [ 7.000 0.000 0.000 0.000 ]
|  281 [ 0 0 0 0 ] [ 0.000 0.000 0.000 0.000 ]
|  282 [ 1 0 0 0 ] [ 7.000 0.000 0.000 0.000 ]
|  283 [ 1 0 0 0 ] [ 5.000 0.000 0.000 0.000 ]
|  284 [ 1 0 0 0 ] [ 7.000 0.000 0.000 0.000 ]
|  285 [ 0 0 0 0 ] [ 0.000 0.000 0.000 0.000 ]
|  286 [ 0 0 0 0 ] [ 0.000 0.000 0.000 0.000 ]
|  287 [ 1 0 0 0 ] [ 7.000 0.000 0.000 0.000 ]
|  288 [ 1 0 0 0 ] [ 7.000 0.000 0.000 0.000 ]
|  289 [ 0 0 0 0 ] [ 0.000 0.000 0.000 0.000 ]
|  290 [ 1 0 0 0 ] [ 7.000 0.000 0.000 0.000 ]
|  291 [ 0 0 0 0 ] [ 0.000 0.000 0.000 0.000 ]
|  292 [ 1 0 0 0 ] [ 7.000 0.000 0.000 0.000 ]
|  293 [ 0 0 0 0 ] [ 0.000 0.000 0.000 0.000 ]
|  294 [ 1 0 0 0 ] [ 7.000 0.000 0.000 0.000 ]
|  295 [ 1 0 0 0 ] [ 7.000 0.000 0.000 0.000 ]
|  296 [ 1 0 0 0 ] [ 7.000 0.000 0.000 0.000 ]
|  297 [ 0 0 0 0 ] [ 0.000 0.000 0.000 0.000 ]
|  298 [ 0 0 0 0 ] [ 0.000 0.000 0.000 0.000 ]
|  299 [ 1 0 0 0 ] [ 7.000 0.000 0.000 0.000 ]
|  300 [ 1 0 0 0 ] [ 7.000 0.000 0.000 0.000 ]
|  301 [ 0 0 0 0 ] [ 0.000 0.000 0.000 0.000 ]
|  302 [ 0 0 0 0 ] [ 0.000 0.000 0.000 0.000 ]
|  303 [ 1 0 0 1 ] [ 7.000 0.000 0.000 4.000 ]
|  304 [ 0 0 0 1 ] [ 0.000 0.000 0.000 4.000 ]
|  305 [ 1 0 0 0 ] [ 7.000 0.000 0.000 0.000 ]
|  306 [ 1 0 0 0 ] [ 7.000 0.000 0.000 0.000 ]
|  307 [ 0 0 0 0 ] [ 0.000 0.000 0.000 0.000 ]
|  308 [ 0 0 0 0 ] [ 0.000 0.000 0.000 0.000 ]
|  309 [ 1 0 0 0 ] [ 7.000 0.000 0.000 0.000 ]
|  310 [ 0 0 0 0 ] [ 0.000 0.000 0.000 0.000 ]
|  311 [ 1 0 0 0 ] [ 7.000 0.000 0.000 0.000 ]
|  312 [ 0 0 0 0 ] [ 0.000 0.000 0.000 0.000 ]
|  313 [ 0 0 0 0 ] [ 0.000 0.000 0.000 0.000 ]
|  314 [ 0 0 0 0 ] [ 0.000 0.000 0.000 0.000 ]
|  315 [ 1 0 0 1 ] [ 7.000 0.000 0.000 4.000 ]
|  316 [ 1 0 0 0 ] [ 7.000 0.000 0.000 0.000 ]
|  317 [ 1 0 0 0 ] [ 7.000 0.000 0.000 0.000 ]
|  318 [ 0 0 0 0 ] [ 0.000 0.000 0.000 0.000 ]
|  319 [ 1 0 0 0 ] [ 7.000 0.000 0.000 0.000 ]
|  320 [ 1 0 0 0 ] [ 7.000 0.000 0.000 0.000 ]
|  321 [ 0 0 0 0 ] [ 0.000 0.000 0.000 0.000 ]
|  322 [ 0 0 0 1 ] [ 0.000 0.000 0.000 4.000 ]
|  323 [ 0 0 0 1 ] [ 0.000 0.000 0.000 4.000 ]
|  324 [ 1 0 0 1 ] [ 7.000 0.000 0.000 4.000 ]
|  325 [ 0 0 0 0 ] [ 0.000 0.000 0.000 0.000 ]
|  326 [ 1 0 0 0 ] [ 7.000 0.000 0.000 0.000 ]
|  327 [ 1 0 0 0 ] [ 7.000 0.000 0.000 0.000 ]
|  328 [ 0 0 0 0 ] [ 0.000 0.000 0.000 0.000 ]
|  329 [ 1 0 0 1 ] [ 7.000 0.000 0.000 4.000 ]
|  330 [ 1 0 0 1 ] [ 7.000 0.000 0.000 2.000 ]
|  331 [ 1 0 0 0 ] [ 7.000 0.000 0.000 0.000 ]
|  332 [ 1 0 0 0 ] [ 7.000 0.000 0.000 0.000 ]
|  333 [ 0 0 0 0 ] [ 0.000 0.000 0.000 0.000 ]
|  334 [ 1 0 0 0 ] [ 7.000 0.000 0.000 0.000 ]
|  335 [ 1 0 0 0 ] [ 7.000 0.000 0.000 0.000 ]
|  336 [ 1 0 0 0 ] [ 7.000 0.000 0.000 0.000 ]
|  337 [ 0 0 0 0 ] [ 0.000 0.000 0.000 0.000 ]
|  338 [ 0 0 0 0 ] [ 0.000 0.000 0.000 0.000 ]
|  339 [ 0 0 0 1 ] [ 0.000 0.000 0.000 4.000 ]
|  340 [ 0 0 0 1 ] [ 0.000 0.000 0.000 4.000 ]
|  341 [ 1 0 0 0 ] [ 7.000 0.000 0.000 0.000 ]
|  342 [ 1 0 0 0 ] [ 7.000 0.000 0.000 0.000 ]
|  343 [ 1 0 0 0 ] [ 7.000 0.000 0.000 0.000 ]
|  344 [ 0 0 0 0 ] [ 0.000 0.000 0.000 0.000 ]
|  345 [ 0 0 0 0 ] [ 0.000 0.000 0.000 0.000 ]
|  346 [ 0 0 0 0 ] [ 0.000 0.000 0.000 0.000 ]
|  347 [ 0 0 0 0 ] [ 0.000 0.000 0.000 0.000 ]
|  348 [ 0 0 0 0 ] [ 0.000 0.000 0.000 0.000 ]
|  349 [ 1 0 0 0 ] [ 7.000 0.000 0.000 0.000 ]
|  350 [ 1 0 0 0 ] [ 7.000 0.000 0.000 0.000 ]
|  351 [ 1 0 0 0 ] [ 7.000 0.000 0.000 0.000 ]
|  352 [ 1 0 0 1 ] [ 7.000 0.000 0.000 4.000 ]
|  353 [ 0 0 0 1 ] [ 0.000 0.000 0.000 4.000 ]
|  354 [ 1 0 0 0 ] [ 7.000 0.000 0.000 0.000 ]
|  355 [ 0 0 0 1 ] [ 0.000 0.000 0.000 4.000 ]
|  356 [ 1 0 0 0 ] [ 7.000 0.000 0.000 0.000 ]
|  357 [ 0 0 0 0 ] [ 0.000 0.000 0.000 0.000 ]
|  358 [ 0 0 0 1 ] [ 0.000 0.000 0.000 4.000 ]
|  359 [ 0 0 0 0 ] [ 0.000 0.000 0.000 0.000 ]
|  360 [ 0 0 0 1 ] [ 0.000 0.000 0.000 4.000 ]
|  361 [ 1 0 0 0 ] [ 7.000 0.000 0.000 0.000 ]
|  362 [ 0 0 0 0 ] [ 0.000 0.000 0.000 0.000 ]
|  363 [ 0 0 0 0 ] [ 0.000 0.000 0.000 0.000 ]
|  364 [ 0 0 0 1 ] [ 0.000 0.000 0.000 4.000 ]
|  365 [ 1 0 0 1 ] [ 7.000 0.000 0.000 4.000 ]
|  366 [ 1 0 0 0 ] [ 7.000 0.000 0.000 0.000 ]
|  367 [ 1 0 0 1 ] [ 7.000 0.000 0.000 4.000 ]
|  368 [ 0 0 0 1 ] [ 0.000 0.000 0.000 4.000 ]
|  369 [ 0 0 0 1 ] [ 0.000 0.000 0.000 4.000 ]
|  370 [ 1 0 0 1 ] [ 7.000 0.000 0.000 2.000 ]
|  371 [ 0 0 0 0 ] [ 0.000 0.000 0.000 0.000 ]
|  372 [ 1 0 0 0 ] [ 7.000 0.000 0.000 0.000 ]
|  373 [ 1 0 0 0 ] [ 7.000 0.000 0.000 0.000 ]
|  374 [ 1 0 0 0 ] [ 7.000 0.000 0.000 0.000 ]
|  375 [ 0 0 1 0 ] [ 0.000 0.000 4.000 0.000 ]
|  376 [ 1 0 0 0 ] [ 7.000 0.000 0.000 0.000 ]
|  377 [ 1 0 0 0 ] [ 7.000 0.000 0.000 0.000 ]
|  378 [ 1 0 0 0 ] [ 7.000 0.000 0.000 0.000 ]
|  379 [ 0 0 0 0 ] [ 0.000 0.000 0.000 0.000 ]
|  380 [ 0 0 0 0 ] [ 0.000 0.000 0.000 0.000 ]
|  381 [ 0 0 0 1 ] [ 0.000 0.000 0.000 4.000 ]
|  382 [ 0 0 0 0 ] [ 0.000 0.000 0.000 0.000 ]
|  383 [ 0 0 0 0 ] [ 0.000 0.000 0.000 0.000 ]
|  384 [ 0 0 0 1 ] [ 0.000 0.000 0.000 4.000 ]
|  385 [ 1 0 0 1 ] [ 7.000 0.000 0.000 4.000 ]
|  386 [ 1 0 0 1 ] [ 7.000 0.000 0.000 4.000 ]
|  387 [ 1 0 0 0 ] [ 7.000 0.000 0.000 0.000 ]
|  388 [ 0 0 0 0 ] [ 0.000 0.000 0.000 0.000 ]
|  389 [ 1 0 0 0 ] [ 7.000 0.000 0.000 0.000 ]
|  390 [ 0 0 0 0 ] [ 0.000 0.000 0.000 0.000 ]
|  391 [ 1 0 0 0 ] [ 7.000 0.000 0.000 0.000 ]
|  392 [ 0 0 1 0 ] [ 0.000 0.000 4.000 0.000 ]
|  393 [ 1 0 0 0 ] [ 7.000 0.000 0.000 0.000 ]
|  394 [ 1 0 0 0 ] [ 7.000 0.000 0.000 0.000 ]
|  395 [ 1 0 0 0 ] [ 7.000 0.000 0.000 0.000 ]
|  396 [ 1 0 0 0 ] [ 7.000 0.000 0.000 0.000 ]
|  397 [ 0 0 0 1 ] [ 0.000 0.000 0.000 4.000 ]
|  398 [ 1 0 0 1 ] [ 7.000 0.000 0.000 4.000 ]
|  399 [ 1 0 0 1 ] [ 7.000 0.000 0.000 4.000 ]
|  400 [ 1 0 0 1 ] [ 7.000 0.000 0.000 2.000 ]
|  401 [ 1 0 0 1 ] [ 7.000 0.000 0.000 4.000 ]
|  402 [ 1 0 0 0 ] [ 7.000 0.000 0.000 0.000 ]
|  403 [ 1 0 0 0 ] [ 7.000 0.000 0.000 0.000 ]
|  404 [ 0 0 0 0 ] [ 0.000 0.000 0.000 0.000 ]
|  405 [ 0 0 0 0 ] [ 0.000 0.000 0.000 0.000 ]
|  406 [ 1 0 0 1 ] [ 7.000 0.000 0.000 4.000 ]
|  407 [ 0 0 1 0 ] [ 0.000 0.000 4.000 0.000 ]
|  408 [ 1 0 1 0 ] [ 5.000 0.000 4.000 0.000 ]
|  409 [ 1 0 0 0 ] [ 7.000 0.000 0.000 0.000 ]
|  410 [ 1 0 0 1 ] [ 7.000 0.000 0.000 4.000 ]
|  411 [ 0 0 1 0 ] [ 0.000 0.000 4.000 0.000 ]
|  412 [ 1 0 0 0 ] [ 7.000 0.000 0.000 0.000 ]
|  413 [ 1 0 0 0 ] [ 7.000 0.000 0.000 0.000 ]
|  414 [ 0 0 0 0 ] [ 0.000 0.000 0.000 0.000 ]
|  415 [ 1 0 0 0 ] [ 7.000 0.000 0.000 0.000 ]
|  416 [ 0 0 1 0 ] [ 2.000 0.000 4.000 0.000 ]
|  417 [ 1 0 0 0 ] [ 7.000 0.000 0.000 0.000 ]
|  418 [ 1 0 0 0 ] [ 7.000 0.000 0.000 0.000 ]
|  419 [ 0 0 0 0 ] [ 0.000 0.000 0.000 0.000 ]
|  420 [ 1 0 0 1 ] [ 7.000 0.000 0.000 4.000 ]
|  421 [ 0 0 0 0 ] [ 0.000 0.000 0.000 0.000 ]
|  422 [ 1 0 0 0 ] [ 7.000 0.000 0.000 0.000 ]
|  423 [ 1 0 0 0 ] [ 7.000 0.000 0.000 0.000 ]
|  424 [ 1 0 0 0 ] [ 7.000 0.000 0.000 0.000 ]
|  425 [ 1 0 0 0 ] [ 7.000 0.000 0.000 0.000 ]
|  426 [ 1 0 0 0 ] [ 7.000 0.000 0.000 0.000 ]
|  427 [ 1 0 0 0 ] [ 7.000 0.000 0.000 0.000 ]
|  428 [ 0 0 0 0 ] [ 0.000 0.000 0.000 0.000 ]
|  429 [ 1 0 0 0 ] [ 7.000 0.000 0.000 0.000 ]
|  430 [ 1 0 0 0 ] [ 7.000 0.000 0.000 0.000 ]
|  431 [ 1 0 0 0 ] [ 7.000 0.000 0.000 0.000 ]
|  432 [ 1 0 0 1 ] [ 7.000 0.000 0.000 4.000 ]
|  433 [ 1 0 0 1 ] [ 7.000 0.000 0.000 2.000 ]
|  434 [ 1 0 0 1 ] [ 7.000 0.000 0.000 4.000 ]
|  435 [ 1 0 0 1 ] [ 7.000 0.000 0.000 4.000 ]
|  436 [ 0 0 0 0 ] [ 0.000 0.000 0.000 0.000 ]
|  437 [ 1 0 0 0 ] [ 7.000 0.000 0.000 0.000 ]
|  438 [ 0 0 0 0 ] [ 0.000 0.000 0.000 0.000 ]
|  439 [ 1 0 0 0 ] [ 7.000 0.000 0.000 0.000 ]
|  440 [ 1 0 0 0 ] [ 7.000 0.000 0.000 0.000 ]
|  441 [ 1 0 0 0 ] [ 7.000 0.000 0.000 0.000 ]
|  442 [ 1 0 0 0 ] [ 7.000 0.000 0.000 0.000 ]
|  443 [ 1 0 0 1 ] [ 7.000 0.000 0.000 4.000 ]
|  444 [ 1 0 0 0 ] [ 7.000 0.000 0.000 0.000 ]
|  445 [ 1 0 0 0 ] [ 7.000 0.000 0.000 0.000 ]
|  446 [ 1 0 0 0 ] [ 7.000 0.000 0.000 0.000 ]
|  447 [ 0 0 0 0 ] [ 0.000 0.000 0.000 0.000 ]
|  448 [ 0 0 0 0 ] [ 0.000 0.000 0.000 0.000 ]
|  449 [ 0 0 0 1 ] [ 0.000 0.000 0.000 4.000 ]
|  450 [ 0 0 0 0 ] [ 0.000 0.000 0.000 0.000 ]
|  451 [ 0 0 0 1 ] [ 0.000 0.000 0.000 4.000 ]
|  452 [ 0 0 0 0 ] [ 0.000 0.000 0.000 0.000 ]
|  453 [ 0 0 0 0 ] [ 0.000 0.000 0.000 0.000 ]
|  454 [ 1 0 0 0 ] [ 7.000 0.000 0.000 0.000 ]
|  455 [ 0 0 0 0 ] [ 0.000 0.000 0.000 0.000 ]
|  456 [ 1 0 0 0 ] [ 7.000 0.000 0.000 0.000 ]
|  457 [ 1 0 0 0 ] [ 7.000 0.000 0.000 0.000 ]
|  458 [ 0 0 0 0 ] [ 0.000 0.000 0.000 0.000 ]
|  459 [ 0 0 0 1 ] [ 7.000 0.000 0.000 0.000 ]
|  460 [ 1 0 0 0 ] [ 7.000 0.000 0.000 0.000 ]
|  461 [ 1 0 0 0 ] [ 7.000 0.000 0.000 0.000 ]
|  462 [ 0 0 0 0 ] [ 0.000 0.000 0.000 0.000 ]
|  463 [ 0 0 0 0 ] [ 0.000 0.000 0.000 0.000 ]
|  464 [ 0 0 0 0 ] [ 0.000 0.000 0.000 0.000 ]
|  465 [ 1 0 0 0 ] [ 7.000 0.000 0.000 0.000 ]
|  466 [ 0 0 0 0 ] [ 0.000 0.000 0.000 0.000 ]
|  467 [ 1 0 0 0 ] [ 7.000 0.000 0.000 0.000 ]
|  468 [ 1 0 0 0 ] [ 7.000 0.000 0.000 0.000 ]
|  469 [ 0 0 0 0 ] [ 0.000 0.000 0.000 0.000 ]
|  470 [ 1 0 0 0 ] [ 7.000 0.000 0.000 0.000 ]
|  471 [ 0 0 0 0 ] [ 0.000 0.000 0.000 0.000 ]
|  472 [ 0 0 0 0 ] [ 0.000 0.000 0.000 0.000 ]
|  473 [ 1 0 0 0 ] [ 7.000 0.000 0.000 0.000 ]
|  474 [ 1 0 0 0 ] [ 7.000 0.000 0.000 0.000 ]
|  475 [ 0 0 1 0 ] [ 0.000 0.000 4.000 0.000 ]
|  476 [ 0 0 1 0 ] [ 2.000 0.000 4.000 0.000 ]
|  477 [ 0 0 1 0 ] [ 0.000 0.000 4.000 0.000 ]
|  478 [ 0 0 0 0 ] [ 0.000 0.000 0.000 0.000 ]
|  479 [ 1 0 0 1 ] [ 7.000 0.000 0.000 4.000 ]
|  480 [ 1 0 0 1 ] [ 7.000 0.000 0.000 4.000 ]
|  481 [ 0 0 0 1 ] [ 0.000 0.000 0.000 4.000 ]
|  482 [ 0 0 1 0 ] [ 2.000 0.000 4.000 0.000 ]
|  483 [ 0 0 1 0 ] [ 0.000 0.000 4.000 0.000 ]
|  484 [ 0 0 0 1 ] [ 0.000 0.000 0.000 4.000 ]
|  485 [ 1 0 0 0 ] [ 7.000 0.000 0.000 0.000 ]
|  486 [ 0 0 0 0 ] [ 0.000 0.000 0.000 0.000 ]
|  487 [ 1 0 0 0 ] [ 7.000 0.000 0.000 0.000 ]
|  488 [ 1 0 0 0 ] [ 7.000 0.000 0.000 0.000 ]
|  489 [ 1 0 0 0 ] [ 7.000 0.000 0.000 0.000 ]
|  490 [ 1 0 0 0 ] [ 7.000 0.000 0.000 0.000 ]
|  491 [ 0 0 0 0 ] [ 0.000 0.000 0.000 0.000 ]
|  492 [ 1 0 0 0 ] [ 7.000 0.000 0.000 0.000 ]
|  493 [ 0 0 0 0 ] [ 0.000 0.000 0.000 0.000 ]
|  494 [ 1 0 0 0 ] [ 7.000 0.000 0.000 0.000 ]
|  495 [ 1 0 0 0 ] [ 7.000 0.000 0.000 0.000 ]
|  496 [ 1 0 0 1 ] [ 7.000 0.000 0.000 4.000 ]
|  497 [ 0 0 0 0 ] [ 0.000 0.000 0.000 0.000 ]
|  498 [ 1 0 0 0 ] [ 7.000 0.000 0.000 0.000 ]
|  499 [ 0 0 0 0 ] [ 0.000 0.000 0.000 0.000 ]
|  500 [ 1 0 0 0 ] [ 7.000 0.000 0.000 0.000 ]
|  501 [ 0 0 0 0 ] [ 0.000 0.000 0.000 0.000 ]
|  502 [ 1 0 0 0 ] [ 7.000 0.000 0.000 0.000 ]
|  503 [ 0 0 0 0 ] [ 0.000 0.000 0.000 0.000 ]
|  504 [ 0 0 0 1 ] [ 5.000 0.000 0.000 4.000 ]
|  505 [ 0 0 0 0 ] [ 0.000 0.000 0.000 0.000 ]
|  506 [ 1 0 0 1 ] [ 7.000 0.000 0.000 4.000 ]
|  507 [ 1 0 0 0 ] [ 7.000 0.000 0.000 0.000 ]
|  508 [ 1 0 0 1 ] [ 7.000 0.000 0.000 4.000 ]
|  509 [ 0 0 0 0 ] [ 0.000 0.000 0.000 0.000 ]
|  510 [ 1 0 0 0 ] [ 7.000 0.000 0.000 0.000 ]
|  511 [ 1 0 0 0 ] [ 7.000 0.000 0.000 0.000 ]
|  512 [ 0 0 1 0 ] [ 0.000 0.000 4.000 0.000 ]
|  513 [ 0 0 0 0 ] [ 0.000 0.000 0.000 0.000 ]
|  514 [ 0 0 0 1 ] [ 0.000 0.000 0.000 4.000 ]
|  515 [ 0 0 0 1 ] [ 0.000 0.000 0.000 4.000 ]
|  516 [ 0 0 0 0 ] [ 0.000 0.000 0.000 0.000 ]
|  517 [ 0 0 0 1 ] [ 0.000 0.000 0.000 4.000 ]
|  518 [ 0 0 0 0 ] [ 0.000 0.000 0.000 0.000 ]
|  519 [ 0 0 0 1 ] [ 0.000 0.000 0.000 4.000 ]
|  520 [ 1 0 0 0 ] [ 7.000 0.000 0.000 0.000 ]
|  521 [ 1 0 0 0 ] [ 7.000 0.000 0.000 0.000 ]
|  522 [ 1 0 0 0 ] [ 7.000 0.000 0.000 0.000 ]
|  523 [ 1 0 0 0 ] [ 7.000 0.000 0.000 0.000 ]
|  524 [ 1 0 0 0 ] [ 7.000 0.000 0.000 0.000 ]
|  525 [ 0 0 0 0 ] [ 0.000 0.000 0.000 0.000 ]
|  526 [ 1 0 0 0 ] [ 7.000 0.000 0.000 0.000 ]
|  527 [ 1 0 0 0 ] [ 7.000 0.000 0.000 0.000 ]
|  528 [ 0 1 0 0 ] [ 0.000 5.000 0.000 0.000 ]
|  529 [ 0 1 0 0 ] [ 0.000 5.000 0.000 0.000 ]
|  530 [ 1 0 0 0 ] [ 7.000 0.000 0.000 0.000 ]
|  531 [ 0 1 0 0 ] [ 0.000 5.000 0.000 0.000 ]
|  532 [ 1 0 0 0 ] [ 7.000 0.000 0.000 0.000 ]
|  533 [ 1 1 0 0 ] [ 7.000 5.000 0.000 0.000 ]
|  534 [ 1 1 0 0 ] [ 7.000 5.000 0.000 0.000 ]
|  535 [ 0 0 1 0 ] [ 0.000 0.000 4.000 0.000 ]
|  536 [ 1 0 1 0 ] [ 7.000 0.000 4.000 0.000 ]
|  537 [ 0 0 0 0 ] [ 0.000 0.000 0.000 0.000 ]
|  538 [ 1 0 0 0 ] [ 7.000 0.000 0.000 0.000 ]
|  539 [ 1 0 0 1 ] [ 5.000 0.000 0.000 4.000 ]
|  540 [ 1 0 0 1 ] [ 7.000 0.000 0.000 4.000 ]
|  541 [ 1 0 0 1 ] [ 7.000 0.000 0.000 4.000 ]
|  542 [ 1 0 0 0 ] [ 7.000 0.000 0.000 0.000 ]
|  543 [ 1 0 0 1 ] [ 7.000 0.000 0.000 4.000 ]
|  544 [ 0 0 0 0 ] [ 0.000 0.000 0.000 0.000 ]
|  545 [ 0 1 0 0 ] [ 2.000 5.000 0.000 0.000 ]
|  546 [ 1 0 1 0 ] [ 5.000 0.000 4.000 0.000 ]
|  547 [ 1 0 1 0 ] [ 7.000 0.000 4.000 0.000 ]
|  548 [ 0 0 1 0 ] [ 0.000 0.000 4.000 0.000 ]
|  549 [ 0 0 0 0 ] [ 0.000 0.000 0.000 0.000 ]
|  550 [ 0 0 0 0 ] [ 0.000 0.000 0.000 0.000 ]
|  551 [ 0 1 0 1 ] [ 0.000 5.000 0.000 1.000 ]
|  552 [ 0 0 0 0 ] [ 0.000 0.000 0.000 0.000 ]
|  553 [ 1 0 0 0 ] [ 7.000 0.000 0.000 0.000 ]
|  554 [ 1 0 0 0 ] [ 7.000 0.000 0.000 0.000 ]
|  555 [ 0 0 0 0 ] [ 0.000 0.000 0.000 0.000 ]
|  556 [ 0 1 0 0 ] [ 2.000 5.000 0.000 0.000 ]
|  557 [ 0 1 0 0 ] [ 0.000 5.000 0.000 0.000 ]
|  558 [ 0 0 1 0 ] [ 0.000 0.000 4.000 0.000 ]
|  559 [ 0 0 0 0 ] [ 0.000 0.000 0.000 0.000 ]
|  560 [ 0 0 0 0 ] [ 0.000 0.000 0.000 0.000 ]
|  561 [ 1 1 0 0 ] [ 7.000 5.000 0.000 0.000 ]
|  562 [ 0 1 0 0 ] [ 2.000 5.000 0.000 0.000 ]
|  563 [ 0 0 0 1 ] [ 0.000 0.000 0.000 4.000 ]
|  564 [ 1 0 0 0 ] [ 7.000 0.000 0.000 0.000 ]
|  565 [ 1 0 0 0 ] [ 7.000 0.000 0.000 0.000 ]
|  566 [ 0 0 0 0 ] [ 0.000 0.000 0.000 0.000 ]
|  567 [ 1 0 0 0 ] [ 7.000 0.000 0.000 0.000 ]
|  568 [ 1 0 0 0 ] [ 4.000 0.000 0.000 0.000 ]
|  569 [ 1 0 0 0 ] [ 7.000 0.000 0.000 0.000 ]
|  570 [ 1 0 0 0 ] [ 7.000 0.000 0.000 0.000 ]
|  571 [ 1 0 0 1 ] [ 7.000 0.000 0.000 4.000 ]
|  572 [ 0 0 0 0 ] [ 0.000 0.000 0.000 0.000 ]
|  573 [ 0 0 0 0 ] [ 0.000 0.000 0.000 0.000 ]
|  574 [ 1 0 0 0 ] [ 7.000 0.000 0.000 0.000 ]
|  575 [ 1 0 0 0 ] [ 7.000 0.000 0.000 0.000 ]
|  576 [ 1 0 0 0 ] [ 7.000 0.000 0.000 0.000 ]
|  577 [ 1 0 0 0 ] [ 7.000 0.000 0.000 0.000 ]
|  578 [ 1 0 0 0 ] [ 7.000 0.000 0.000 0.000 ]
|  579 [ 1 0 0 0 ] [ 7.000 0.000 0.000 0.000 ]
|  580 [ 0 0 0 0 ] [ 0.000 0.000 0.000 0.000 ]
|  581 [ 1 0 0 0 ] [ 7.000 0.000 0.000 0.000 ]
|  582 [ 0 1 0 0 ] [ 0.000 5.000 0.000 0.000 ]
|  583 [ 0 1 0 0 ] [ 2.000 5.000 0.000 0.000 ]
|  584 [ 0 0 0 1 ] [ 0.000 0.000 0.000 4.000 ]
|  585 [ 1 0 0 1 ] [ 7.000 0.000 0.000 4.000 ]
|  586 [ 1 0 0 1 ] [ 7.000 0.000 0.000 4.000 ]
|  587 [ 1 0 0 1 ] [ 7.000 0.000 0.000 4.000 ]
|  588 [ 1 0 0 1 ] [ 7.000 0.000 0.000 2.000 ]
|  589 [ 1 0 0 0 ] [ 7.000 0.000 0.000 0.000 ]
|  590 [ 0 0 0 0 ] [ 0.000 0.000 0.000 0.000 ]
|  591 [ 1 1 0 0 ] [ 7.000 5.000 0.000 0.000 ]
|  592 [ 1 0 1 0 ] [ 7.000 0.000 4.000 0.000 ]
|  593 [ 0 0 0 0 ] [ 0.000 0.000 0.000 0.000 ]
|  594 [ 1 0 0 0 ] [ 7.000 0.000 0.000 0.000 ]
|  595 [ 1 0 0 0 ] [ 7.000 0.000 0.000 0.000 ]
|  596 [ 1 0 0 0 ] [ 7.000 0.000 0.000 0.000 ]
|  597 [ 1 0 0 0 ] [ 7.000 0.000 0.000 0.000 ]
|  598 [ 1 0 0 0 ] [ 7.000 0.000 0.000 0.000 ]
|  599 [ 0 0 0 0 ] [ 0.000 0.000 0.000 0.000 ]
|  600 [ 0 0 0 0 ] [ 0.000 0.000 0.000 0.000 ]
|  601 [ 1 0 0 0 ] [ 7.000 0.000 0.000 0.000 ]
|  602 [ 1 0 0 0 ] [ 7.000 0.000 0.000 0.000 ]
|  603 [ 1 0 0 0 ] [ 7.000 0.000 0.000 0.000 ]
|  604 [ 1 0 0 0 ] [ 7.000 0.000 0.000 0.000 ]
|  605 [ 1 0 0 0 ] [ 7.000 0.000 0.000 0.000 ]
|  606 [ 1 0 0 0 ] [ 7.000 0.000 0.000 0.000 ]
|  607 [ 0 0 0 0 ] [ 0.000 0.000 0.000 0.000 ]
|  608 [ 1 0 0 1 ] [ 7.000 0.000 0.000 4.000 ]
|  609 [ 1 0 0 0 ] [ 7.000 0.000 0.000 0.000 ]
|  610 [ 0 0 0 0 ] [ 0.000 0.000 0.000 0.000 ]
|  611 [ 0 0 0 0 ] [ 0.000 0.000 0.000 0.000 ]
|  612 [ 0 0 0 0 ] [ 0.000 0.000 0.000 0.000 ]
|  613 [ 0 0 0 0 ] [ 0.000 0.000 0.000 0.000 ]
|  614 [ 1 0 0 0 ] [ 7.000 0.000 0.000 0.000 ]
|  615 [ 1 0 0 0 ] [ 7.000 0.000 0.000 0.000 ]
|  616 [ 1 0 0 0 ] [ 7.000 0.000 0.000 0.000 ]
|  617 [ 0 0 0 0 ] [ 0.000 0.000 0.000 0.000 ]
|  618 [ 0 0 0 0 ] [ 0.000 0.000 0.000 0.000 ]
|  619 [ 1 0 0 1 ] [ 7.000 0.000 0.000 4.000 ]
|  620 [ 1 0 0 0 ] [ 7.000 0.000 0.000 0.000 ]
|  621 [ 1 0 0 1 ] [ 7.000 0.000 0.000 4.000 ]
|  622 [ 1 0 0 0 ] [ 7.000 0.000 0.000 0.000 ]
|  623 [ 1 0 0 0 ] [ 7.000 0.000 0.000 0.000 ]
|  624 [ 0 0 0 1 ] [ 0.000 0.000 0.000 4.000 ]
|  625 [ 1 0 0 0 ] [ 7.000 0.000 0.000 0.000 ]
|  626 [ 1 0 0 0 ] [ 7.000 0.000 0.000 0.000 ]
|  627 [ 0 0 0 0 ] [ 0.000 0.000 0.000 0.000 ]
|  628 [ 0 0 0 0 ] [ 0.000 0.000 0.000 0.000 ]
|  629 [ 0 0 0 0 ] [ 0.000 0.000 0.000 0.000 ]
|  630 [ 1 0 0 0 ] [ 7.000 0.000 0.000 0.000 ]
|  631 [ 1 0 0 0 ] [ 7.000 0.000 0.000 0.000 ]
|  632 [ 0 0 0 1 ] [ 0.000 0.000 0.000 4.000 ]
|  633 [ 1 0 0 0 ] [ 7.000 0.000 0.000 0.000 ]
|  634 [ 1 0 0 0 ] [ 7.000 0.000 0.000 0.000 ]
|  635 [ 1 0 0 0 ] [ 7.000 0.000 0.000 0.000 ]
|  636 [ 1 0 0 0 ] [ 7.000 0.000 0.000 0.000 ]
|  637 [ 1 0 0 0 ] [ 7.000 0.000 0.000 0.000 ]
|  638 [ 1 0 0 0 ] [ 7.000 0.000 0.000 0.000 ]
|  639 [ 0 0 0 1 ] [ 0.000 0.000 0.000 4.000 ]
|  640 [ 1 0 0 0 ] [ 7.000 0.000 0.000 0.000 ]
|  641 [ 1 0 0 0 ] [ 7.000 0.000 0.000 0.000 ]
|  642 [ 1 0 0 0 ] [ 7.000 0.000 0.000 0.000 ]
|  643 [ 1 0 0 0 ] [ 7.000 0.000 0.000 0.000 ]
|  644 [ 1 0 0 0 ] [ 7.000 0.000 0.000 0.000 ]
|  645 [ 0 0 0 1 ] [ 2.000 0.000 0.000 4.000 ]
|  646 [ 0 0 0 0 ] [ 0.000 0.000 0.000 0.000 ]
|  647 [ 1 0 0 0 ] [ 7.000 0.000 0.000 0.000 ]
|  648 [ 1 0 0 0 ] [ 7.000 0.000 0.000 0.000 ]
|  649 [ 1 0 0 0 ] [ 7.000 0.000 0.000 0.000 ]
|  650 [ 0 0 0 0 ] [ 0.000 0.000 0.000 0.000 ]
|  651 [ 0 0 0 1 ] [ 0.000 0.000 0.000 4.000 ]
|  652 [ 1 0 0 0 ] [ 7.000 0.000 0.000 0.000 ]
|  653 [ 1 0 0 0 ] [ 7.000 0.000 0.000 0.000 ]
|  654 [ 1 0 0 0 ] [ 7.000 0.000 0.000 0.000 ]
|  655 [ 1 0 0 0 ] [ 7.000 0.000 0.000 0.000 ]
|  656 [ 1 0 0 0 ] [ 7.000 0.000 0.000 0.000 ]
|  657 [ 1 0 0 0 ] [ 7.000 0.000 0.000 0.000 ]
|  658 [ 0 0 0 1 ] [ 0.000 0.000 0.000 4.000 ]
|  659 [ 0 0 0 1 ] [ 0.000 0.000 0.000 4.000 ]
|  660 [ 1 0 0 0 ] [ 7.000 0.000 0.000 0.000 ]
|  661 [ 1 0 0 0 ] [ 7.000 0.000 0.000 0.000 ]
|  662 [ 0 0 0 1 ] [ 0.000 0.000 0.000 4.000 ]
|  663 [ 0 0 0 0 ] [ 0.000 0.000 0.000 0.000 ]
|  664 [ 1 0 0 1 ] [ 7.000 0.000 0.000 4.000 ]
|  665 [ 1 0 0 0 ] [ 7.000 0.000 0.000 0.000 ]
|  666 [ 1 0 0 0 ] [ 7.000 0.000 0.000 0.000 ]
|  667 [ 1 0 0 0 ] [ 7.000 0.000 0.000 0.000 ]
|  668 [ 0 0 0 0 ] [ 0.000 0.000 0.000 0.000 ]
|  669 [ 0 0 0 0 ] [ 0.000 0.000 0.000 0.000 ]
|  670 [ 1 0 0 1 ] [ 7.000 0.000 0.000 4.000 ]
|  671 [ 1 0 0 1 ] [ 7.000 0.000 0.000 4.000 ]
|  672 [ 0 0 0 0 ] [ 0.000 0.000 0.000 0.000 ]
|  673 [ 0 0 0 0 ] [ 0.000 0.000 0.000 0.000 ]
|  674 [ 0 0 0 1 ] [ 0.000 0.000 0.000 4.000 ]
|  675 [ 1 0 0 0 ] [ 7.000 0.000 0.000 0.000 ]
|  676 [ 0 0 0 1 ] [ 0.000 0.000 0.000 4.000 ]
|  677 [ 0 0 0 0 ] [ 0.000 0.000 0.000 0.000 ]
|  678 [ 1 0 0 1 ] [ 7.000 0.000 0.000 4.000 ]
|  679 [ 1 0 0 0 ] [ 7.000 0.000 0.000 0.000 ]
|  680 [ 1 0 0 0 ] [ 7.000 0.000 0.000 0.000 ]
|  681 [ 0 0 0 0 ] [ 0.000 0.000 0.000 0.000 ]
|  682 [ 1 0 0 0 ] [ 7.000 0.000 0.000 0.000 ]
|  683 [ 0 0 0 0 ] [ 0.000 0.000 0.000 0.000 ]
|  684 [ 1 0 0 0 ] [ 7.000 0.000 0.000 0.000 ]
|  685 [ 1 0 0 0 ] [ 7.000 0.000 0.000 0.000 ]
|  686 [ 0 0 0 0 ] [ 0.000 0.000 0.000 0.000 ]
|  687 [ 1 0 0 0 ] [ 7.000 0.000 0.000 0.000 ]
|  688 [ 1 0 0 0 ] [ 7.000 0.000 0.000 0.000 ]
|  689 [ 1 0 0 0 ] [ 7.000 0.000 0.000 0.000 ]
|  690 [ 0 0 0 0 ] [ 0.000 0.000 0.000 0.000 ]
|  691 [ 0 0 0 0 ] [ 0.000 0.000 0.000 0.000 ]
|  692 [ 1 0 0 0 ] [ 7.000 0.000 0.000 0.000 ]
|  693 [ 0 0 0 0 ] [ 0.000 0.000 0.000 0.000 ]
|  694 [ 0 0 0 0 ] [ 0.000 0.000 0.000 0.000 ]
|  695 [ 0 0 0 0 ] [ 0.000 0.000 0.000 0.000 ]
|  696 [ 1 0 0 0 ] [ 7.000 0.000 0.000 0.000 ]
|  697 [ 0 0 0 0 ] [ 0.000 0.000 0.000 0.000 ]
|  698 [ 1 0 0 0 ] [ 7.000 0.000 0.000 0.000 ]
|  699 [ 1 0 0 0 ] [ 7.000 0.000 0.000 0.000 ]
|  700 [ 0 0 0 0 ] [ 0.000 0.000 0.000 0.000 ]
|  701 [ 1 0 0 0 ] [ 7.000 0.000 0.000 0.000 ]
|  702 [ 1 0 0 0 ] [ 7.000 0.000 0.000 0.000 ]
|  703 [ 1 0 0 0 ] [ 7.000 0.000 0.000 0.000 ]
|  704 [ 1 0 0 0 ] [ 7.000 0.000 0.000 0.000 ]
|  705 [ 1 0 0 0 ] [ 7.000 0.000 0.000 0.000 ]
|  706 [ 1 0 0 0 ] [ 7.000 0.000 0.000 0.000 ]
|  707 [ 1 0 0 1 ] [ 7.000 0.000 0.000 4.000 ]
|  708 [ 1 0 0 0 ] [ 7.000 0.000 0.000 0.000 ]
|  709 [ 1 0 0 0 ] [ 5.000 0.000 0.000 0.000 ]
|  710 [ 1 0 0 0 ] [ 7.000 0.000 0.000 0.000 ]
|  711 [ 0 0 0 0 ] [ 0.000 0.000 0.000 0.000 ]
|  712 [ 1 0 0 0 ] [ 7.000 0.000 0.000 0.000 ]
|  713 [ 1 0 0 0 ] [ 7.000 0.000 0.000 0.000 ]
|  714 [ 0 0 0 0 ] [ 0.000 0.000 0.000 0.000 ]
|  715 [ 1 0 0 0 ] [ 7.000 0.000 0.000 0.000 ]
|  716 [ 1 0 0 0 ] [ 7.000 0.000 0.000 0.000 ]
|  717 [ 0 0 0 0 ] [ 0.000 0.000 0.000 0.000 ]
|  718 [ 0 0 0 1 ] [ 0.000 0.000 0.000 4.000 ]
|  719 [ 1 0 0 1 ] [ 7.000 0.000 0.000 4.000 ]
|  720 [ 1 0 0 0 ] [ 7.000 0.000 0.000 0.000 ]
|  721 [ 0 0 0 0 ] [ 0.000 0.000 0.000 0.000 ]
|  722 [ 1 0 0 0 ] [ 7.000 0.000 0.000 0.000 ]
|  723 [ 1 0 0 0 ] [ 7.000 0.000 0.000 0.000 ]
|  724 [ 0 0 0 0 ] [ 0.000 0.000 0.000 0.000 ]
|  725 [ 1 0 0 0 ] [ 7.000 0.000 0.000 0.000 ]
|  726 [ 1 0 0 0 ] [ 7.000 0.000 0.000 0.000 ]
|  727 [ 1 0 0 0 ] [ 7.000 0.000 0.000 0.000 ]
|  728 [ 0 0 0 0 ] [ 0.000 0.000 0.000 0.000 ]
|  729 [ 0 0 0 0 ] [ 0.000 0.000 0.000 0.000 ]
|  730 [ 0 0 0 0 ] [ 0.000 0.000 0.000 0.000 ]
|  731 [ 0 0 0 0 ] [ 0.000 0.000 0.000 0.000 ]
|  732 [ 1 0 0 0 ] [ 7.000 0.000 0.000 0.000 ]
|  733 [ 1 0 0 0 ] [ 7.000 0.000 0.000 0.000 ]
|  734 [ 0 0 0 0 ] [ 0.000 0.000 0.000 0.000 ]
|  735 [ 1 0 0 0 ] [ 7.000 0.000 0.000 0.000 ]
|  736 [ 1 0 0 0 ] [ 7.000 0.000 0.000 0.000 ]
|  737 [ 1 0 0 0 ] [ 7.000 0.000 0.000 0.000 ]
|  738 [ 0 0 0 0 ] [ 0.000 0.000 0.000 0.000 ]
|  739 [ 0 0 0 1 ] [ 0.000 0.000 0.000 4.000 ]
|  740 [ 0 0 0 0 ] [ 0.000 0.000 0.000 0.000 ]
|  741 [ 1 0 0 1 ] [ 7.000 0.000 0.000 4.000 ]
|  742 [ 1 0 0 1 ] [ 7.000 0.000 0.000 1.000 ]
|  743 [ 1 0 0 0 ] [ 7.000 0.000 0.000 0.000 ]
|  744 [ 1 0 0 0 ] [ 7.000 0.000 0.000 0.000 ]
|  745 [ 1 0 0 0 ] [ 7.000 0.000 0.000 0.000 ]
|  746 [ 0 0 0 0 ] [ 0.000 0.000 0.000 0.000 ]
|  747 [ 1 0 0 0 ] [ 7.000 0.000 0.000 0.000 ]
|  748 [ 0 0 0 0 ] [ 0.000 0.000 0.000 0.000 ]
|  749 [ 1 0 0 0 ] [ 7.000 0.000 0.000 0.000 ]
|  750 [ 0 0 0 0 ] [ 0.000 0.000 0.000 0.000 ]
|  751 [ 0 0 0 1 ] [ 3.000 0.000 0.000 4.000 ]
|  752 [ 1 0 0 0 ] [ 7.000 0.000 0.000 0.000 ]
|  753 [ 0 0 0 1 ] [ 0.000 0.000 0.000 4.000 ]
|  754 [ 1 0 0 1 ] [ 7.000 0.000 0.000 4.000 ]
|  755 [ 1 0 0 0 ] [ 7.000 0.000 0.000 0.000 ]
|  756 [ 1 0 0 0 ] [ 7.000 0.000 0.000 0.000 ]
|  757 [ 1 0 0 1 ] [ 7.000 0.000 0.000 4.000 ]
|  758 [ 1 0 0 1 ] [ 7.000 0.000 0.000 4.000 ]
|  759 [ 1 0 0 0 ] [ 7.000 0.000 0.000 0.000 ]
|  760 [ 0 0 0 0 ] [ 0.000 0.000 0.000 0.000 ]
|  761 [ 1 0 0 1 ] [ 7.000 0.000 0.000 4.000 ]
|  762 [ 1 0 0 0 ] [ 7.000 0.000 0.000 0.000 ]
|  763 [ 0 0 0 0 ] [ 0.000 0.000 0.000 0.000 ]
|  764 [ 1 0 0 0 ] [ 7.000 0.000 0.000 0.000 ]
|  765 [ 0 0 0 0 ] [ 0.000 0.000 0.000 0.000 ]
|  766 [ 1 0 0 0 ] [ 7.000 0.000 0.000 0.000 ]
|  767 [ 0 0 0 0 ] [ 0.000 0.000 0.000 0.000 ]
|  768 [ 1 0 0 0 ] [ 7.000 0.000 0.000 0.000 ]
|  769 [ 0 0 0 0 ] [ 0.000 0.000 0.000 0.000 ]
|  770 [ 0 0 0 0 ] [ 0.000 0.000 0.000 0.000 ]
|  771 [ 0 0 0 0 ] [ 0.000 0.000 0.000 0.000 ]
|  772 [ 0 0 0 0 ] [ 0.000 0.000 0.000 0.000 ]
|  773 [ 1 0 0 0 ] [ 7.000 0.000 0.000 0.000 ]
|  774 [ 0 0 0 1 ] [ 0.000 0.000 0.000 4.000 ]
|  775 [ 1 0 0 0 ] [ 7.000 0.000 0.000 0.000 ]
|  776 [ 0 0 0 0 ] [ 0.000 0.000 0.000 0.000 ]
|  777 [ 1 0 0 0 ] [ 7.000 0.000 0.000 0.000 ]
|  778 [ 1 0 0 0 ] [ 7.000 0.000 0.000 0.000 ]
|  779 [ 1 0 0 0 ] [ 7.000 0.000 0.000 0.000 ]
|  780 [ 0 0 0 0 ] [ 0.000 0.000 0.000 0.000 ]
|  781 [ 1 0 0 0 ] [ 7.000 0.000 0.000 0.000 ]
|  782 [ 0 0 0 0 ] [ 0.000 0.000 0.000 0.000 ]
|  783 [ 1 0 0 0 ] [ 7.000 0.000 0.000 0.000 ]
|  784 [ 1 0 0 0 ] [ 7.000 0.000 0.000 0.000 ]
|  785 [ 1 0 0 0 ] [ 7.000 0.000 0.000 0.000 ]
|  786 [ 1 0 0 0 ] [ 7.000 0.000 0.000 0.000 ]
|  787 [ 0 0 0 0 ] [ 0.000 0.000 0.000 0.000 ]
|  788 [ 1 0 0 1 ] [ 7.000 0.000 0.000 4.000 ]
|  789 [ 0 0 0 0 ] [ 0.000 0.000 0.000 0.000 ]
|  790 [ 0 0 0 1 ] [ 0.000 0.000 0.000 4.000 ]
|  791 [ 1 0 0 0 ] [ 7.000 0.000 0.000 0.000 ]
|  792 [ 1 0 0 1 ] [ 7.000 0.000 0.000 4.000 ]
|  793 [ 0 0 0 0 ] [ 0.000 0.000 0.000 0.000 ]
|  794 [ 1 0 0 0 ] [ 7.000 0.000 0.000 0.000 ]
|  795 [ 0 0 0 0 ] [ 0.000 0.000 0.000 0.000 ]
|  796 [ 1 0 0 0 ] [ 7.000 0.000 0.000 0.000 ]
|  797 [ 0 0 0 0 ] [ 0.000 0.000 0.000 0.000 ]
|  798 [ 0 0 0 0 ] [ 0.000 0.000 0.000 0.000 ]
|  799 [ 1 0 0 0 ] [ 7.000 0.000 0.000 0.000 ]
|  800 [ 0 0 0 0 ] [ 0.000 0.000 0.000 0.000 ]
|  801 [ 1 0 0 1 ] [ 7.000 0.000 0.000 4.000 ]
|  802 [ 1 0 0 0 ] [ 7.000 0.000 0.000 0.000 ]
|  803 [ 1 0 0 0 ] [ 7.000 0.000 0.000 0.000 ]
|  804 [ 0 0 0 0 ] [ 0.000 0.000 0.000 0.000 ]
|  805 [ 0 0 0 0 ] [ 0.000 0.000 0.000 0.000 ]
|  806 [ 1 0 0 0 ] [ 7.000 0.000 0.000 0.000 ]
|  807 [ 1 0 0 0 ] [ 7.000 0.000 0.000 0.000 ]
|  808 [ 1 0 0 0 ] [ 7.000 0.000 0.000 0.000 ]
|  809 [ 1 0 0 0 ] [ 7.000 0.000 0.000 0.000 ]
|  810 [ 1 0 0 0 ] [ 7.000 0.000 0.000 0.000 ]
|  811 [ 1 0 0 0 ] [ 7.000 0.000 0.000 0.000 ]
|  812 [ 0 0 0 0 ] [ 0.000 0.000 0.000 0.000 ]
|  813 [ 1 0 0 0 ] [ 7.000 0.000 0.000 0.000 ]
|  814 [ 1 0 0 0 ] [ 7.000 0.000 0.000 0.000 ]
|  815 [ 0 0 1 0 ] [ 0.000 0.000 4.000 0.000 ]
|  816 [ 1 0 0 0 ] [ 7.000 0.000 0.000 0.000 ]
|  817 [ 0 0 0 0 ] [ 0.000 0.000 0.000 0.000 ]
|  818 [ 1 0 0 0 ] [ 7.000 0.000 0.000 0.000 ]
|  819 [ 1 0 0 0 ] [ 7.000 0.000 0.000 0.000 ]
|  820 [ 1 0 0 0 ] [ 7.000 0.000 0.000 0.000 ]
|  821 [ 1 0 0 0 ] [ 7.000 0.000 0.000 0.000 ]
|  822 [ 0 0 0 0 ] [ 0.000 0.000 0.000 0.000 ]
|  823 [ 1 0 0 0 ] [ 7.000 0.000 0.000 0.000 ]
|  824 [ 0 0 0 0 ] [ 0.000 0.000 0.000 0.000 ]
|  825 [ 0 0 0 0 ] [ 0.000 0.000 0.000 0.000 ]
|  826 [ 1 0 0 1 ] [ 7.000 0.000 0.000 2.000 ]
|  827 [ 0 0 0 1 ] [ 0.000 0.000 0.000 4.000 ]
|  828 [ 1 0 0 1 ] [ 7.000 0.000 0.000 2.000 ]
|  829 [ 1 0 0 0 ] [ 7.000 0.000 0.000 0.000 ]
|  830 [ 0 0 0 1 ] [ 0.000 0.000 0.000 4.000 ]
|  831 [ 1 0 0 0 ] [ 7.000 0.000 0.000 0.000 ]
|  832 [ 1 0 0 1 ] [ 7.000 0.000 0.000 4.000 ]
|  833 [ 0 0 0 0 ] [ 0.000 0.000 0.000 0.000 ]
|  834 [ 1 0 0 0 ] [ 7.000 0.000 0.000 0.000 ]
|  835 [ 1 0 0 0 ] [ 7.000 0.000 0.000 0.000 ]
|  836 [ 1 0 0 0 ] [ 7.000 0.000 0.000 0.000 ]
|  837 [ 1 0 0 0 ] [ 7.000 0.000 0.000 0.000 ]
|  838 [ 1 0 0 0 ] [ 7.000 0.000 0.000 0.000 ]
|  839 [ 1 0 0 0 ] [ 7.000 0.000 0.000 0.000 ]
|  840 [ 1 0 0 0 ] [ 7.000 0.000 0.000 0.000 ]
|  841 [ 1 0 0 0 ] [ 7.000 0.000 0.000 0.000 ]
|  842 [ 0 0 0 1 ] [ 0.000 0.000 0.000 4.000 ]
|  843 [ 1 0 0 0 ] [ 7.000 0.000 0.000 0.000 ]
|  844 [ 1 0 0 0 ] [ 7.000 0.000 0.000 0.000 ]
|  845 [ 1 0 0 0 ] [ 7.000 0.000 0.000 0.000 ]
|  846 [ 0 0 0 0 ] [ 0.000 0.000 0.000 0.000 ]
|  847 [ 0 0 0 0 ] [ 0.000 0.000 0.000 0.000 ]
|  848 [ 1 0 0 0 ] [ 7.000 0.000 0.000 0.000 ]
|  849 [ 0 0 0 0 ] [ 0.000 0.000 0.000 0.000 ]
|  850 [ 0 0 0 0 ] [ 0.000 0.000 0.000 0.000 ]
|  851 [ 0 0 0 1 ] [ 0.000 0.000 0.000 4.000 ]
|  852 [ 0 0 0 0 ] [ 0.000 0.000 0.000 0.000 ]
|  853 [ 0 0 1 0 ] [ 5.000 0.000 4.000 0.000 ]
|  854 [ 1 0 0 0 ] [ 7.000 0.000 0.000 0.000 ]
|  855 [ 0 0 0 0 ] [ 0.000 0.000 0.000 0.000 ]
|  856 [ 0 0 0 1 ] [ 0.000 0.000 0.000 4.000 ]
|  857 [ 0 0 0 1 ] [ 0.000 0.000 0.000 4.000 ]
|  858 [ 0 0 0 0 ] [ 0.000 0.000 0.000 0.000 ]
|  859 [ 1 0 0 0 ] [ 7.000 0.000 0.000 0.000 ]
|  860 [ 1 0 0 1 ] [ 7.000 0.000 0.000 4.000 ]
|  861 [ 0 0 0 0 ] [ 0.000 0.000 0.000 0.000 ]
|  862 [ 0 0 0 0 ] [ 0.000 0.000 0.000 0.000 ]
|  863 [ 1 0 0 0 ] [ 7.000 0.000 0.000 0.000 ]
|  864 [ 0 0 0 1 ] [ 5.000 0.000 0.000 4.000 ]
|  865 [ 0 0 0 0 ] [ 0.000 0.000 0.000 0.000 ]
|  866 [ 1 0 0 0 ] [ 7.000 0.000 0.000 0.000 ]
|  867 [ 0 0 0 1 ] [ 0.000 0.000 0.000 4.000 ]
|  868 [ 1 0 0 1 ] [ 7.000 0.000 0.000 4.000 ]
|  869 [ 1 0 0 1 ] [ 7.000 0.000 0.000 4.000 ]
|  870 [ 0 0 0 0 ] [ 0.000 0.000 0.000 0.000 ]
|  871 [ 0 0 0 0 ] [ 0.000 0.000 0.000 0.000 ]
|  872 [ 1 0 0 0 ] [ 7.000 0.000 0.000 0.000 ]
|  873 [ 1 0 0 0 ] [ 7.000 0.000 0.000 0.000 ]
|  874 [ 0 0 0 0 ] [ 0.000 0.000 0.000 0.000 ]
|  875 [ 1 0 0 0 ] [ 7.000 0.000 0.000 0.000 ]
|  876 [ 1 0 0 0 ] [ 7.000 0.000 0.000 0.000 ]
|  877 [ 1 0 0 0 ] [ 7.000 0.000 0.000 0.000 ]
|  878 [ 1 0 0 0 ] [ 7.000 0.000 0.000 0.000 ]
|  879 [ 1 0 0 0 ] [ 7.000 0.000 0.000 0.000 ]
|  880 [ 1 0 0 0 ] [ 7.000 0.000 0.000 0.000 ]
|  881 [ 1 0 0 0 ] [ 7.000 0.000 0.000 0.000 ]
|  882 [ 1 0 0 0 ] [ 7.000 0.000 0.000 0.000 ]
|  883 [ 1 0 0 0 ] [ 7.000 0.000 0.000 0.000 ]
|  884 [ 1 0 0 0 ] [ 7.000 0.000 0.000 0.000 ]
|  885 [ 1 0 0 0 ] [ 7.000 0.000 0.000 0.000 ]
|  886 [ 0 0 0 0 ] [ 0.000 0.000 0.000 0.000 ]
|  887 [ 1 0 0 0 ] [ 7.000 0.000 0.000 0.000 ]
|  888 [ 1 0 0 0 ] [ 7.000 0.000 0.000 0.000 ]
|  889 [ 0 0 0 0 ] [ 0.000 0.000 0.000 0.000 ]
|  890 [ 1 0 0 0 ] [ 7.000 0.000 0.000 0.000 ]
|  891 [ 1 0 0 0 ] [ 7.000 0.000 0.000 0.000 ]
|  892 [ 1 0 0 0 ] [ 7.000 0.000 0.000 0.000 ]
|  893 [ 0 0 0 0 ] [ 0.000 0.000 0.000 0.000 ]
|  894 [ 1 0 0 0 ] [ 7.000 0.000 0.000 0.000 ]
|  895 [ 0 0 0 0 ] [ 0.000 0.000 0.000 0.000 ]
|  896 [ 0 0 0 0 ] [ 0.000 0.000 0.000 0.000 ]
|  897 [ 1 0 0 1 ] [ 7.000 0.000 0.000 4.000 ]
|  898 [ 0 0 0 0 ] [ 0.000 0.000 0.000 0.000 ]
|  899 [ 0 0 0 0 ] [ 0.000 0.000 0.000 0.000 ]
|  900 [ 1 0 0 0 ] [ 7.000 0.000 0.000 0.000 ]
|  901 [ 0 0 0 0 ] [ 0.000 0.000 0.000 0.000 ]
|  902 [ 1 0 0 0 ] [ 7.000 0.000 0.000 0.000 ]
|  903 [ 0 0 0 0 ] [ 0.000 0.000 0.000 0.000 ]
|  904 [ 0 0 0 0 ] [ 0.000 0.000 0.000 0.000 ]
|  905 [ 1 0 0 0 ] [ 7.000 0.000 0.000 0.000 ]
|  906 [ 0 0 0 0 ] [ 0.000 0.000 0.000 0.000 ]
|  907 [ 1 0 0 0 ] [ 7.000 0.000 0.000 0.000 ]
|  908 [ 0 0 0 0 ] [ 0.000 0.000 0.000 0.000 ]
|  909 [ 0 0 0 1 ] [ 0.000 0.000 0.000 4.000 ]
|  910 [ 0 0 0 0 ] [ 0.000 0.000 0.000 0.000 ]
|  911 [ 1 0 0 0 ] [ 7.000 0.000 0.000 0.000 ]
|  912 [ 1 0 0 0 ] [ 7.000 0.000 0.000 0.000 ]
|  913 [ 1 0 0 1 ] [ 7.000 0.000 0.000 0.000 ]
|  914 [ 1 0 0 0 ] [ 7.000 0.000 0.000 0.000 ]
|  915 [ 1 0 0 0 ] [ 7.000 0.000 0.000 0.000 ]
|  916 [ 1 0 0 0 ] [ 7.000 0.000 0.000 0.000 ]
|  917 [ 1 0 0 0 ] [ 7.000 0.000 0.000 0.000 ]
|  918 [ 1 0 0 0 ] [ 7.000 0.000 0.000 0.000 ]
|  919 [ 1 0 0 0 ] [ 7.000 0.000 0.000 0.000 ]
|  920 [ 1 0 0 0 ] [ 7.000 0.000 0.000 0.000 ]
|  921 [ 0 0 0 0 ] [ 0.000 0.000 0.000 0.000 ]
|  922 [ 0 0 0 0 ] [ 0.000 0.000 0.000 0.000 ]
|  923 [ 0 0 0 0 ] [ 0.000 0.000 0.000 0.000 ]
|  924 [ 0 0 0 0 ] [ 0.000 0.000 0.000 0.000 ]
|  925 [ 1 0 0 0 ] [ 7.000 0.000 0.000 0.000 ]
|  926 [ 1 0 0 0 ] [ 7.000 0.000 0.000 0.000 ]
|  927 [ 1 0 0 0 ] [ 7.000 0.000 0.000 0.000 ]
|  928 [ 1 0 0 0 ] [ 7.000 0.000 0.000 0.000 ]
|  929 [ 1 0 0 0 ] [ 7.000 0.000 0.000 0.000 ]
|  930 [ 0 0 0 1 ] [ 0.000 0.000 0.000 4.000 ]
|  931 [ 1 0 0 0 ] [ 7.000 0.000 0.000 0.000 ]
|  932 [ 0 0 0 0 ] [ 0.000 0.000 0.000 0.000 ]
|  933 [ 1 0 0 0 ] [ 7.000 0.000 0.000 0.000 ]
|  934 [ 1 0 0 0 ] [ 7.000 0.000 0.000 0.000 ]
|  935 [ 1 0 0 1 ] [ 7.000 0.000 0.000 4.000 ]
|  936 [ 1 0 0 1 ] [ 7.000 0.000 0.000 4.000 ]
|  937 [ 0 0 0 0 ] [ 0.000 0.000 0.000 0.000 ]
|  938 [ 0 0 0 1 ] [ 0.000 0.000 0.000 4.000 ]
|  939 [ 0 0 0 0 ] [ 0.000 0.000 0.000 0.000 ]
|  940 [ 0 0 0 0 ] [ 0.000 0.000 0.000 0.000 ]
|  941 [ 1 0 0 0 ] [ 7.000 0.000 0.000 0.000 ]
|  942 [ 0 0 0 0 ] [ 0.000 0.000 0.000 0.000 ]
|  943 [ 1 0 0 0 ] [ 7.000 0.000 0.000 0.000 ]
|  944 [ 0 0 0 0 ] [ 0.000 0.000 0.000 0.000 ]
|  945 [ 1 0 0 0 ] [ 7.000 0.000 0.000 0.000 ]
|  946 [ 0 0 0 0 ] [ 0.000 0.000 0.000 0.000 ]
|  947 [ 1 0 0 0 ] [ 7.000 0.000 0.000 0.000 ]
|  948 [ 1 0 0 0 ] [ 7.000 0.000 0.000 0.000 ]
|  949 [ 1 0 0 0 ] [ 7.000 0.000 0.000 0.000 ]
|  950 [ 1 0 0 0 ] [ 7.000 0.000 0.000 0.000 ]
|  951 [ 1 0 0 0 ] [ 7.000 0.000 0.000 0.000 ]
|  952 [ 0 0 0 0 ] [ 0.000 0.000 0.000 0.000 ]
|  953 [ 0 0 0 0 ] [ 0.000 0.000 0.000 0.000 ]
|  954 [ 0 0 0 0 ] [ 0.000 0.000 0.000 0.000 ]
|  955 [ 0 0 0 0 ] [ 0.000 0.000 0.000 0.000 ]
|  956 [ 0 0 0 1 ] [ 0.000 0.000 0.000 4.000 ]
|  957 [ 0 0 0 0 ] [ 0.000 0.000 0.000 0.000 ]
|  958 [ 1 0 0 0 ] [ 7.000 0.000 0.000 0.000 ]
|  959 [ 1 0 0 0 ] [ 7.000 0.000 0.000 0.000 ]
|  960 [ 0 0 0 0 ] [ 0.000 0.000 0.000 0.000 ]
|  961 [ 1 0 0 0 ] [ 7.000 0.000 0.000 0.000 ]
|  962 [ 0 0 0 0 ] [ 0.000 0.000 0.000 0.000 ]
|  963 [ 0 0 0 0 ] [ 0.000 0.000 0.000 0.000 ]
|  964 [ 1 0 0 0 ] [ 7.000 0.000 0.000 0.000 ]
|  965 [ 0 0 0 0 ] [ 0.000 0.000 0.000 0.000 ]
|  966 [ 0 0 0 1 ] [ 0.000 0.000 0.000 4.000 ]
|  967 [ 1 0 0 0 ] [ 7.000 0.000 0.000 0.000 ]
|  968 [ 1 0 0 0 ] [ 7.000 0.000 0.000 0.000 ]
|  969 [ 0 0 0 1 ] [ 0.000 0.000 0.000 4.000 ]
|  970 [ 0 0 0 0 ] [ 0.000 0.000 0.000 0.000 ]
|  971 [ 1 0 0 0 ] [ 7.000 0.000 0.000 0.000 ]
|  972 [ 1 0 0 0 ] [ 7.000 0.000 0.000 0.000 ]
|  973 [ 1 0 0 0 ] [ 7.000 0.000 0.000 0.000 ]
|  974 [ 1 0 0 0 ] [ 7.000 0.000 0.000 0.000 ]
|  975 [ 1 0 0 0 ] [ 7.000 0.000 0.000 0.000 ]
|  976 [ 1 0 0 0 ] [ 7.000 0.000 0.000 0.000 ]
|  977 [ 1 0 0 0 ] [ 7.000 0.000 0.000 0.000 ]
|  978 [ 1 0 0 0 ] [ 7.000 0.000 0.000 0.000 ]
|  979 [ 1 0 0 0 ] [ 7.000 0.000 0.000 0.000 ]
|  980 [ 0 0 0 0 ] [ 0.000 0.000 0.000 0.000 ]
|  981 [ 0 0 0 0 ] [ 0.000 0.000 0.000 0.000 ]
|  982 [ 1 0 0 0 ] [ 7.000 0.000 0.000 0.000 ]
|  983 [ 0 0 0 0 ] [ 0.000 0.000 0.000 0.000 ]
|  984 [ 0 0 0 0 ] [ 0.000 0.000 0.000 0.000 ]
|  985 [ 1 0 0 0 ] [ 7.000 0.000 0.000 0.000 ]
|  986 [ 1 0 0 0 ] [ 7.000 0.000 0.000 0.000 ]
|  987 [ 1 0 0 0 ] [ 7.000 0.000 0.000 0.000 ]
|  988 [ 1 0 0 0 ] [ 7.000 0.000 0.000 0.000 ]
|  989 [ 0 0 0 0 ] [ 0.000 0.000 0.000 0.000 ]
|  990 [ 1 0 0 0 ] [ 7.000 0.000 0.000 0.000 ]
|  991 [ 1 0 0 0 ] [ 7.000 0.000 0.000 0.000 ]
|  992 [ 0 0 0 0 ] [ 0.000 0.000 0.000 0.000 ]
|  993 [ 0 0 0 0 ] [ 0.000 0.000 0.000 0.000 ]
|  994 [ 0 0 0 1 ] [ 0.000 0.000 0.000 4.000 ]
|  995 [ 1 0 0 0 ] [ 7.000 0.000 0.000 0.000 ]
|  996 [ 1 0 0 0 ] [ 7.000 0.000 0.000 0.000 ]
|  997 [ 1 0 0 0 ] [ 7.000 0.000 0.000 0.000 ]
|  998 [ 0 0 0 0 ] [ 0.000 0.000 0.000 0.000 ]
|  999 [ 0 0 0 0 ] [ 0.000 0.000 0.000 0.000 ]
| 1000 [ 1 0 0 0 ] [ 7.000 0.000 0.000 0.000 ]
| 1001 [ 1 0 0 0 ] [ 7.000 0.000 0.000 0.000 ]
| 1002 [ 1 0 0 1 ] [ 7.000 0.000 0.000 4.000 ]
| 1003 [ 0 0 0 1 ] [ 0.000 0.000 0.000 1.000 ]
| 1004 [ 1 0 0 0 ] [ 7.000 0.000 0.000 0.000 ]
| 1005 [ 0 0 0 0 ] [ 0.000 0.000 0.000 0.000 ]
| 1006 [ 1 0 0 0 ] [ 7.000 0.000 0.000 0.000 ]
| 1007 [ 1 0 0 0 ] [ 7.000 0.000 0.000 0.000 ]
| 1008 [ 1 0 0 0 ] [ 7.000 0.000 0.000 0.000 ]
| 1009 [ 1 0 0 0 ] [ 7.000 0.000 0.000 0.000 ]
| 1010 [ 1 0 0 0 ] [ 7.000 0.000 0.000 0.000 ]
| 1011 [ 1 0 0 0 ] [ 7.000 0.000 0.000 0.000 ]
| 1012 [ 1 0 0 0 ] [ 7.000 0.000 0.000 0.000 ]
| 1013 [ 0 0 0 1 ] [ 0.000 0.000 0.000 4.000 ]
| 1014 [ 0 0 0 0 ] [ 0.000 0.000 0.000 0.000 ]
| 1015 [ 0 0 0 0 ] [ 0.000 0.000 0.000 0.000 ]
| 1016 [ 1 0 0 1 ] [ 7.000 0.000 0.000 4.000 ]
| 1017 [ 1 0 0 0 ] [ 7.000 0.000 0.000 0.000 ]
| 1018 [ 1 0 0 0 ] [ 7.000 0.000 0.000 0.000 ]
| 1019 [ 1 0 0 0 ] [ 7.000 0.000 0.000 0.000 ]
| 1020 [ 0 0 0 1 ] [ 0.000 0.000 0.000 4.000 ]
| 1021 [ 0 0 0 0 ] [ 0.000 0.000 0.000 0.000 ]
| 1022 [ 1 0 0 0 ] [ 7.000 0.000 0.000 0.000 ]
| 1023 [ 1 0 0 0 ] [ 7.000 0.000 0.000 0.000 ]
| 1024 [ 0 0 0 0 ] [ 0.000 0.000 0.000 0.000 ]
| 1025 [ 1 0 0 0 ] [ 7.000 0.000 0.000 0.000 ]
| 1026 [ 0 0 1 0 ] [ 0.000 0.000 4.000 0.000 ]
| 1027 [ 1 0 0 0 ] [ 7.000 0.000 0.000 0.000 ]
| 1028 [ 1 0 0 0 ] [ 7.000 0.000 0.000 0.000 ]
| 1029 [ 0 0 0 1 ] [ 5.000 0.000 0.000 4.000 ]
| 1030 [ 0 0 0 0 ] [ 0.000 0.000 0.000 0.000 ]
| 1031 [ 1 0 0 0 ] [ 7.000 0.000 0.000 0.000 ]
| 1032 [ 1 0 0 0 ] [ 7.000 0.000 0.000 0.000 ]
| 1033 [ 1 0 0 0 ] [ 7.000 0.000 0.000 0.000 ]
| 1034 [ 0 0 0 0 ] [ 4.000 0.000 0.000 0.000 ]
| 1035 [ 1 0 0 0 ] [ 7.000 0.000 0.000 0.000 ]
| 1036 [ 0 0 0 0 ] [ 0.000 0.000 0.000 0.000 ]
| 1037 [ 0 0 0 1 ] [ 7.000 0.000 0.000 1.000 ]
| 1038 [ 0 0 0 0 ] [ 0.000 0.000 0.000 0.000 ]
| 1039 [ 1 0 0 0 ] [ 7.000 0.000 0.000 0.000 ]
| 1040 [ 0 0 0 0 ] [ 0.000 0.000 0.000 0.000 ]
| 1041 [ 0 0 0 0 ] [ 0.000 0.000 0.000 0.000 ]
| 1042 [ 1 0 0 0 ] [ 7.000 0.000 0.000 0.000 ]
| 1043 [ 1 0 0 0 ] [ 7.000 0.000 0.000 0.000 ]
| 1044 [ 0 0 0 1 ] [ 7.000 0.000 0.000 2.000 ]
| 1045 [ 0 0 0 0 ] [ 0.000 0.000 0.000 0.000 ]
| 1046 [ 1 0 0 0 ] [ 7.000 0.000 0.000 0.000 ]
| 1047 [ 0 0 0 0 ] [ 0.000 0.000 0.000 0.000 ]
| 1048 [ 1 0 0 0 ] [ 7.000 0.000 0.000 0.000 ]
| 1049 [ 1 0 0 0 ] [ 7.000 0.000 0.000 0.000 ]
| 1050 [ 0 0 0 0 ] [ 0.000 0.000 0.000 0.000 ]
| 1051 [ 1 0 0 0 ] [ 7.000 0.000 0.000 0.000 ]
| 1052 [ 0 0 0 0 ] [ 0.000 0.000 0.000 0.000 ]
| 1053 [ 1 0 0 0 ] [ 7.000 0.000 0.000 0.000 ]
| 1054 [ 0 0 0 0 ] [ 0.000 0.000 0.000 0.000 ]
| 1055 [ 1 0 0 0 ] [ 7.000 0.000 0.000 0.000 ]
| 1056 [ 1 0 0 0 ] [ 7.000 0.000 0.000 0.000 ]
| 1057 [ 0 0 0 0 ] [ 0.000 0.000 0.000 0.000 ]
| 1058 [ 1 0 0 0 ] [ 7.000 0.000 0.000 0.000 ]
| 1059 [ 0 0 0 0 ] [ 0.000 0.000 0.000 0.000 ]
| 1060 [ 0 0 0 1 ] [ 0.000 0.000 0.000 4.000 ]
| 1061 [ 1 0 0 0 ] [ 7.000 0.000 0.000 0.000 ]
| 1062 [ 0 0 0 0 ] [ 0.000 0.000 0.000 0.000 ]
| 1063 [ 0 0 0 0 ] [ 0.000 0.000 0.000 0.000 ]
| 1064 [ 0 0 0 0 ] [ 0.000 0.000 0.000 0.000 ]
| 1065 [ 1 0 0 0 ] [ 7.000 0.000 0.000 0.000 ]
| 1066 [ 1 0 0 1 ] [ 7.000 0.000 0.000 4.000 ]
| 1067 [ 1 0 0 1 ] [ 7.000 0.000 0.000 4.000 ]
| 1068 [ 1 0 0 0 ] [ 7.000 0.000 0.000 0.000 ]
| 1069 [ 0 0 0 0 ] [ 0.000 0.000 0.000 0.000 ]
| 1070 [ 1 0 0 0 ] [ 7.000 0.000 0.000 0.000 ]
| 1071 [ 0 0 0 0 ] [ 0.000 0.000 0.000 0.000 ]
| 1072 [ 1 0 0 0 ] [ 7.000 0.000 0.000 0.000 ]
| 1073 [ 0 0 0 0 ] [ 0.000 0.000 0.000 0.000 ]
| 1074 [ 0 0 0 0 ] [ 0.000 0.000 0.000 0.000 ]
| 1075 [ 1 0 0 0 ] [ 7.000 0.000 0.000 0.000 ]
| 1076 [ 0 0 0 0 ] [ 0.000 0.000 0.000 0.000 ]
| 1077 [ 0 0 0 1 ] [ 0.000 0.000 0.000 4.000 ]
| 1078 [ 0 0 0 0 ] [ 0.000 0.000 0.000 0.000 ]
| 1079 [ 1 0 0 0 ] [ 7.000 0.000 0.000 0.000 ]
| 1080 [ 1 0 0 0 ] [ 7.000 0.000 0.000 0.000 ]
| 1081 [ 1 0 0 0 ] [ 7.000 0.000 0.000 0.000 ]
| 1082 [ 1 0 0 0 ] [ 7.000 0.000 0.000 0.000 ]
| 1083 [ 1 0 0 0 ] [ 7.000 0.000 0.000 0.000 ]
| 1084 [ 1 0 0 0 ] [ 7.000 0.000 0.000 0.000 ]
| 1085 [ 1 0 0 0 ] [ 7.000 0.000 0.000 0.000 ]
| 1086 [ 0 0 1 0 ] [ 0.000 0.000 4.000 0.000 ]
| 1087 [ 0 0 0 0 ] [ 0.000 0.000 0.000 0.000 ]
| 1088 [ 0 0 0 0 ] [ 0.000 0.000 0.000 0.000 ]
| 1089 [ 1 0 0 0 ] [ 7.000 0.000 0.000 0.000 ]
| 1090 [ 1 0 0 0 ] [ 7.000 0.000 0.000 0.000 ]
| 1091 [ 1 0 0 0 ] [ 7.000 0.000 0.000 0.000 ]
| 1092 [ 1 0 0 0 ] [ 7.000 0.000 0.000 0.000 ]
| 1093 [ 0 0 0 1 ] [ 0.000 0.000 0.000 3.000 ]
| 1094 [ 1 0 0 0 ] [ 7.000 0.000 0.000 0.000 ]
| 1095 [ 0 0 0 0 ] [ 0.000 0.000 0.000 0.000 ]
| 1096 [ 0 0 0 0 ] [ 0.000 0.000 0.000 0.000 ]
| 1097 [ 0 0 0 0 ] [ 0.000 0.000 0.000 0.000 ]
| 1098 [ 1 0 0 0 ] [ 7.000 0.000 0.000 0.000 ]
| 1099 [ 1 0 0 0 ] [ 5.000 0.000 0.000 0.000 ]
| 1100 [ 0 0 0 0 ] [ 0.000 0.000 0.000 0.000 ]
| 1101 [ 0 0 0 0 ] [ 0.000 0.000 0.000 0.000 ]
| 1102 [ 1 0 0 0 ] [ 7.000 0.000 0.000 0.000 ]
| 1103 [ 1 0 0 0 ] [ 7.000 0.000 0.000 0.000 ]
| 1104 [ 1 0 0 0 ] [ 7.000 0.000 0.000 0.000 ]
| 1105 [ 1 0 0 0 ] [ 7.000 0.000 0.000 0.000 ]
| 1106 [ 1 0 0 0 ] [ 7.000 0.000 0.000 0.000 ]
| 1107 [ 1 0 0 0 ] [ 7.000 0.000 0.000 0.000 ]
| 1108 [ 1 0 0 0 ] [ 7.000 0.000 0.000 0.000 ]
| 1109 [ 1 0 0 0 ] [ 7.000 0.000 0.000 0.000 ]
| 1110 [ 1 0 0 0 ] [ 7.000 0.000 0.000 0.000 ]
| 1111 [ 1 0 0 0 ] [ 7.000 0.000 0.000 0.000 ]
| 1112 [ 1 0 0 0 ] [ 7.000 0.000 0.000 0.000 ]
| 1113 [ 0 0 0 0 ] [ 0.000 0.000 0.000 0.000 ]
| 1114 [ 0 0 0 1 ] [ 0.000 0.000 0.000 4.000 ]
| 1115 [ 1 0 0 1 ] [ 7.000 0.000 0.000 4.000 ]
| 1116 [ 1 0 0 0 ] [ 7.000 0.000 0.000 0.000 ]
| 1117 [ 0 0 0 0 ] [ 0.000 0.000 0.000 0.000 ]
| 1118 [ 0 0 0 0 ] [ 0.000 0.000 0.000 0.000 ]
| 1119 [ 1 0 0 0 ] [ 7.000 0.000 0.000 0.000 ]
| 1120 [ 0 0 0 0 ] [ 0.000 0.000 0.000 0.000 ]
| 1121 [ 0 0 0 0 ] [ 0.000 0.000 0.000 0.000 ]
| 1122 [ 0 0 0 0 ] [ 0.000 0.000 0.000 0.000 ]
| 1123 [ 1 0 0 0 ] [ 7.000 0.000 0.000 0.000 ]
| 1124 [ 1 0 0 0 ] [ 7.000 0.000 0.000 0.000 ]
| 1125 [ 0 0 0 0 ] [ 0.000 0.000 0.000 0.000 ]
| 1126 [ 0 0 0 0 ] [ 0.000 0.000 0.000 0.000 ]
| 1127 [ 1 0 0 0 ] [ 7.000 0.000 0.000 0.000 ]
| 1128 [ 0 0 0 0 ] [ 0.000 0.000 0.000 0.000 ]
| 1129 [ 0 0 0 0 ] [ 0.000 0.000 0.000 0.000 ]
| 1130 [ 1 0 0 0 ] [ 7.000 0.000 0.000 0.000 ]
| 1131 [ 1 0 0 0 ] [ 7.000 0.000 0.000 0.000 ]
| 1132 [ 1 0 0 0 ] [ 7.000 0.000 0.000 0.000 ]
| 1133 [ 0 0 0 0 ] [ 0.000 0.000 0.000 0.000 ]
| 1134 [ 1 0 0 0 ] [ 7.000 0.000 0.000 0.000 ]
| 1135 [ 1 0 0 0 ] [ 7.000 0.000 0.000 0.000 ]
| 1136 [ 1 0 0 0 ] [ 4.000 0.000 0.000 0.000 ]
| 1137 [ 1 0 0 0 ] [ 7.000 0.000 0.000 0.000 ]
| 1138 [ 1 0 0 0 ] [ 7.000 0.000 0.000 0.000 ]
| 1139 [ 1 0 0 0 ] [ 7.000 0.000 0.000 0.000 ]
| 1140 [ 0 0 0 0 ] [ 0.000 0.000 0.000 0.000 ]
| 1141 [ 0 0 0 0 ] [ 0.000 0.000 0.000 0.000 ]
| 1142 [ 1 0 0 0 ] [ 7.000 0.000 0.000 0.000 ]
| 1143 [ 1 0 0 0 ] [ 7.000 0.000 0.000 0.000 ]
| 1144 [ 1 0 0 1 ] [ 7.000 0.000 0.000 4.000 ]
| 1145 [ 1 0 0 0 ] [ 7.000 0.000 0.000 0.000 ]
| 1146 [ 0 0 0 1 ] [ 2.000 0.000 0.000 4.000 ]
| 1147 [ 1 0 0 1 ] [ 7.000 0.000 0.000 4.000 ]
| 1148 [ 0 0 0 0 ] [ 0.000 0.000 0.000 0.000 ]
| 1149 [ 0 0 0 1 ] [ 2.000 0.000 0.000 4.000 ]
| 1150 [ 0 0 0 0 ] [ 0.000 0.000 0.000 0.000 ]
| 1151 [ 1 0 0 0 ] [ 7.000 0.000 0.000 0.000 ]
| 1152 [ 1 0 0 0 ] [ 7.000 0.000 0.000 0.000 ]
| 1153 [ 0 0 0 0 ] [ 0.000 0.000 0.000 0.000 ]
| 1154 [ 0 0 0 0 ] [ 0.000 0.000 0.000 0.000 ]
| 1155 [ 0 0 0 0 ] [ 0.000 0.000 0.000 0.000 ]
| 1156 [ 1 0 0 0 ] [ 7.000 0.000 0.000 0.000 ]
| 1157 [ 1 0 0 0 ] [ 7.000 0.000 0.000 0.000 ]
| 1158 [ 1 0 0 0 ] [ 7.000 0.000 0.000 0.000 ]
| 1159 [ 1 0 0 0 ] [ 7.000 0.000 0.000 0.000 ]
| 1160 [ 0 0 0 0 ] [ 0.000 0.000 0.000 0.000 ]
| 1161 [ 0 0 0 0 ] [ 0.000 0.000 0.000 0.000 ]
| 1162 [ 1 0 0 0 ] [ 7.000 0.000 0.000 0.000 ]
| 1163 [ 1 0 0 0 ] [ 7.000 0.000 0.000 0.000 ]
| 1164 [ 0 0 0 0 ] [ 0.000 0.000 0.000 0.000 ]
| 1165 [ 1 0 0 0 ] [ 7.000 0.000 0.000 0.000 ]
| 1166 [ 1 0 0 0 ] [ 7.000 0.000 0.000 0.000 ]
| 1167 [ 1 0 0 0 ] [ 7.000 0.000 0.000 0.000 ]
| 1168 [ 1 0 0 0 ] [ 7.000 0.000 0.000 0.000 ]
| 1169 [ 1 0 0 0 ] [ 7.000 0.000 0.000 0.000 ]
| 1170 [ 1 0 0 0 ] [ 7.000 0.000 0.000 0.000 ]
| 1171 [ 0 0 0 0 ] [ 0.000 0.000 0.000 0.000 ]
| 1172 [ 1 0 0 0 ] [ 7.000 0.000 0.000 0.000 ]
| 1173 [ 1 0 0 0 ] [ 7.000 0.000 0.000 0.000 ]
| 1174 [ 1 0 0 0 ] [ 7.000 0.000 0.000 0.000 ]
| 1175 [ 0 0 0 0 ] [ 0.000 0.000 0.000 0.000 ]
| 1176 [ 0 0 0 0 ] [ 0.000 0.000 0.000 0.000 ]
| 1177 [ 1 0 0 0 ] [ 7.000 0.000 0.000 0.000 ]
| 1178 [ 0 0 0 0 ] [ 0.000 0.000 0.000 0.000 ]
| 1179 [ 1 0 0 0 ] [ 7.000 0.000 0.000 0.000 ]
| 1180 [ 0 0 0 0 ] [ 0.000 0.000 0.000 0.000 ]
| 1181 [ 1 0 0 0 ] [ 7.000 0.000 0.000 0.000 ]
| 1182 [ 1 0 0 0 ] [ 7.000 0.000 0.000 0.000 ]
| 1183 [ 1 0 0 0 ] [ 7.000 0.000 0.000 0.000 ]
| 1184 [ 1 0 0 0 ] [ 7.000 0.000 0.000 0.000 ]
| 1185 [ 1 0 0 0 ] [ 7.000 0.000 0.000 0.000 ]
| 1186 [ 1 0 0 0 ] [ 7.000 0.000 0.000 0.000 ]
| 1187 [ 0 0 0 0 ] [ 0.000 0.000 0.000 0.000 ]
| 1188 [ 1 0 0 1 ] [ 7.000 0.000 0.000 4.000 ]
| 1189 [ 0 0 0 0 ] [ 0.000 0.000 0.000 0.000 ]
| 1190 [ 1 0 0 0 ] [ 7.000 0.000 0.000 0.000 ]
| 1191 [ 1 0 0 0 ] [ 7.000 0.000 0.000 0.000 ]
| 1192 [ 1 0 0 0 ] [ 7.000 0.000 0.000 0.000 ]
| 1193 [ 0 0 0 0 ] [ 0.000 0.000 0.000 0.000 ]
| 1194 [ 1 0 0 0 ] [ 7.000 0.000 0.000 0.000 ]
| 1195 [ 1 0 0 0 ] [ 7.000 0.000 0.000 0.000 ]
| 1196 [ 0 0 0 0 ] [ 0.000 0.000 0.000 0.000 ]
| 1197 [ 0 0 0 1 ] [ 0.000 0.000 0.000 4.000 ]
| 1198 [ 1 0 0 0 ] [ 7.000 0.000 0.000 0.000 ]
| 1199 [ 1 0 0 0 ] [ 7.000 0.000 0.000 0.000 ]
| 1200 [ 1 0 0 0 ] [ 7.000 0.000 0.000 0.000 ]
| 1201 [ 1 0 0 0 ] [ 7.000 0.000 0.000 0.000 ]
| 1202 [ 0 0 0 0 ] [ 0.000 0.000 0.000 0.000 ]
| 1203 [ 1 0 0 0 ] [ 7.000 0.000 0.000 0.000 ]
| 1204 [ 1 0 0 1 ] [ 7.000 0.000 0.000 4.000 ]
| 1205 [ 0 0 0 0 ] [ 0.000 0.000 0.000 0.000 ]
| 1206 [ 0 0 0 1 ] [ 0.000 0.000 0.000 4.000 ]
| 1207 [ 1 0 0 0 ] [ 7.000 0.000 0.000 0.000 ]
| 1208 [ 1 0 0 0 ] [ 7.000 0.000 0.000 0.000 ]
| 1209 [ 0 0 0 0 ] [ 0.000 0.000 0.000 0.000 ]
| 1210 [ 1 0 0 1 ] [ 7.000 0.000 0.000 4.000 ]
| 1211 [ 1 0 0 1 ] [ 7.000 0.000 0.000 4.000 ]
| 1212 [ 1 0 0 1 ] [ 7.000 0.000 0.000 4.000 ]
| 1213 [ 1 0 0 1 ] [ 7.000 0.000 0.000 4.000 ]
| 1214 [ 1 0 0 0 ] [ 7.000 0.000 0.000 0.000 ]
| 1215 [ 1 0 0 0 ] [ 7.000 0.000 0.000 0.000 ]
| 1216 [ 1 0 0 0 ] [ 7.000 0.000 0.000 0.000 ]
| 1217 [ 1 0 0 0 ] [ 7.000 0.000 0.000 0.000 ]
| 1218 [ 1 0 0 0 ] [ 7.000 0.000 0.000 0.000 ]
| 1219 [ 0 0 0 0 ] [ 0.000 0.000 0.000 0.000 ]
| 1220 [ 0 0 0 0 ] [ 0.000 0.000 0.000 0.000 ]
| 1221 [ 1 0 0 0 ] [ 7.000 0.000 0.000 0.000 ]
| 1222 [ 1 0 0 0 ] [ 7.000 0.000 0.000 0.000 ]
| 1223 [ 1 0 0 0 ] [ 7.000 0.000 0.000 0.000 ]
| 1224 [ 1 0 0 0 ] [ 7.000 0.000 0.000 0.000 ]
| 1225 [ 1 0 0 0 ] [ 7.000 0.000 0.000 0.000 ]
| 1226 [ 1 0 0 0 ] [ 7.000 0.000 0.000 0.000 ]
| 1227 [ 1 0 0 0 ] [ 7.000 0.000 0.000 0.000 ]
| 1228 [ 1 0 0 0 ] [ 7.000 0.000 0.000 0.000 ]
| 1229 [ 1 0 0 0 ] [ 7.000 0.000 0.000 0.000 ]
| 1230 [ 0 0 0 0 ] [ 0.000 0.000 0.000 0.000 ]
| 1231 [ 1 0 0 0 ] [ 7.000 0.000 0.000 0.000 ]
| 1232 [ 0 0 0 0 ] [ 0.000 0.000 0.000 0.000 ]
| 1233 [ 1 0 0 0 ] [ 7.000 0.000 0.000 0.000 ]
| 1234 [ 1 0 0 0 ] [ 7.000 0.000 0.000 0.000 ]
| 1235 [ 1 0 0 0 ] [ 7.000 0.000 0.000 0.000 ]
| 1236 [ 0 0 0 0 ] [ 0.000 0.000 0.000 0.000 ]
| 1237 [ 1 0 0 0 ] [ 7.000 0.000 0.000 0.000 ]
| 1238 [ 0 0 0 0 ] [ 0.000 0.000 0.000 0.000 ]
| 1239 [ 1 0 0 0 ] [ 7.000 0.000 0.000 0.000 ]
| 1240 [ 0 0 0 1 ] [ 0.000 0.000 0.000 4.000 ]
| 1241 [ 1 0 0 0 ] [ 7.000 0.000 0.000 0.000 ]
| 1242 [ 0 0 0 0 ] [ 0.000 0.000 0.000 0.000 ]
| 1243 [ 0 0 0 1 ] [ 0.000 0.000 0.000 4.000 ]
| 1244 [ 1 0 0 0 ] [ 7.000 0.000 0.000 0.000 ]
| 1245 [ 0 0 0 0 ] [ 0.000 0.000 0.000 0.000 ]
| 1246 [ 0 0 0 0 ] [ 0.000 0.000 0.000 0.000 ]
| 1247 [ 0 0 0 0 ] [ 0.000 0.000 0.000 0.000 ]
| 1248 [ 0 0 0 0 ] [ 0.000 0.000 0.000 0.000 ]
| 1249 [ 0 0 0 0 ] [ 0.000 0.000 0.000 0.000 ]
| 1250 [ 1 0 0 0 ] [ 7.000 0.000 0.000 0.000 ]
| 1251 [ 1 0 0 0 ] [ 7.000 0.000 0.000 0.000 ]
| 1252 [ 1 0 0 0 ] [ 7.000 0.000 0.000 0.000 ]
| 1253 [ 1 0 0 0 ] [ 7.000 0.000 0.000 0.000 ]
| 1254 [ 1 0 0 0 ] [ 7.000 0.000 0.000 0.000 ]
| 1255 [ 1 0 0 1 ] [ 7.000 0.000 0.000 4.000 ]
| 1256 [ 1 0 0 0 ] [ 7.000 0.000 0.000 0.000 ]
| 1257 [ 1 0 0 0 ] [ 7.000 0.000 0.000 0.000 ]
| 1258 [ 1 0 0 0 ] [ 7.000 0.000 0.000 0.000 ]
| 1259 [ 1 0 0 0 ] [ 7.000 0.000 0.000 0.000 ]
| 1260 [ 0 0 0 0 ] [ 0.000 0.000 0.000 0.000 ]
| 1261 [ 0 0 0 0 ] [ 0.000 0.000 0.000 0.000 ]
| 1262 [ 1 0 0 0 ] [ 7.000 0.000 0.000 0.000 ]
| 1263 [ 1 0 0 0 ] [ 2.000 0.000 0.000 0.000 ]
| 1264 [ 1 0 0 0 ] [ 7.000 0.000 0.000 0.000 ]
| 1265 [ 1 0 0 0 ] [ 7.000 0.000 0.000 0.000 ]
| 1266 [ 0 0 0 0 ] [ 0.000 0.000 0.000 0.000 ]
| 1267 [ 1 0 0 0 ] [ 7.000 0.000 0.000 0.000 ]
| 1268 [ 0 0 0 0 ] [ 0.000 0.000 0.000 0.000 ]
| 1269 [ 0 0 0 0 ] [ 0.000 0.000 0.000 0.000 ]
| 1270 [ 0 0 0 0 ] [ 0.000 0.000 0.000 0.000 ]
| 1271 [ 0 0 0 0 ] [ 0.000 0.000 0.000 0.000 ]
| 1272 [ 1 0 0 0 ] [ 7.000 0.000 0.000 0.000 ]
| 1273 [ 1 0 0 0 ] [ 7.000 0.000 0.000 0.000 ]
| 1274 [ 1 0 0 0 ] [ 7.000 0.000 0.000 0.000 ]
| 1275 [ 1 0 0 0 ] [ 7.000 0.000 0.000 0.000 ]
| 1276 [ 0 0 0 0 ] [ 0.000 0.000 0.000 0.000 ]
| 1277 [ 1 0 0 0 ] [ 7.000 0.000 0.000 0.000 ]
| 1278 [ 1 0 0 0 ] [ 7.000 0.000 0.000 0.000 ]
| 1279 [ 1 0 0 0 ] [ 7.000 0.000 0.000 0.000 ]
|==============================<


== Evaluation Info

Classifier                     meka.classifiers.multilabel.RAkEL
Options                        [-M, 10, -k, 2, -P, 0, -N, 0, -S, 0, -W, weka.classifiers.trees.RandomForest, --, -P, 100, -I, 100, -num-slots, 1, -K, 0, -M, 1.0, -V, 0.001, -S, 1]
Additional Info                {[0, 3][0, 1][1, 3][0, 1][0, 2][0, 2][0, 1][0, 3][2, 3][1, 2]}
Dataset                        train_group1new
Number of labels (L)           4
Type                           ML
Threshold                      2.0
Verbosity                      8


== Predictive Performance

Number of test instances (N)   
Accuracy                       0.987
Jaccard index                  0.987
Hamming score                  0.994
Exact match                    0.977
Jaccard distance               0.013
Hamming loss                   0.006
ZeroOne loss                   0.023
Harmonic score                 0.991
One error                      0.281
Rank loss                      0.003
Avg precision                  0.996
Log Loss (lim. L)              0.001
Log Loss (lim. D)              0.006
Micro Precision                0.979
Micro Recall                   0.993
Macro Precision                0.993
Macro Recall                   0.985
F1 (micro averaged)            0.986
F1 (macro averaged by example) 0.716
F1 (macro averaged by label)   0.989
AUPRC (macro averaged)         0.997
AUROC (macro averaged)         0.998
Curve Data                     
Macro Curve Data               
Micro Curve Data               
Label indices                  [     0     1     2     3 ]
Accuracy (per label)           [ 0.981 1.000 0.999 0.995 ]
Harmonic (per label)           [ 0.975 1.000 0.984 0.987 ]
Precision (per label)          [ 0.972 1.000 1.000 1.000 ]
Recall (per label)             [ 0.999 1.000 0.968 0.974 ]
Empty labelvectors (predicted) 0.274
Label cardinality (predicted)  0.851
Levenshtein distance           0.006
Label cardinality (difference) -0.012
avg. relevance (test set)      [ 0.617 0.015 0.024 0.183 ]
avg. relevance (predicted)     [ 0.634 0.015 0.023 0.178 ]
avg. relevance (difference)    [ -0.017 0.000 0.001 0.005 ]


== Additional Measurements

Number of training instances   5115
Number of test instances       1279
Label cardinality (train set)  0.846
Label cardinality (test set)   0.839
Build Time                     35.304
Test Time                      1.279
Total Time                     36.583



